2	16	8	10	0	22.655	0.38	0.19894	0.200529	1109	1
2	16	8	50	0	22.55	3.51	1.67293	1.62392	2775	1
2	16	8	50	6	22.55	1.37	-0.869214	0.108515	4413	1
2	16	8	50	7	22.56	1.08	-1.07701	-0.0354779	4595	1
2	16	8	100	0	22.15	15.26	4.92164	4.83848	3976	1
2	16	8	100	0.5	22.1	15.61	4.422	5.01353	3971	1
2	16	8	100	1	22.08	15.71	3.96684	5.06289	3980	1
2	16	8	100	1.5	22.07	15.54	3.61356	5.01483	3982	1
2	16	8	100	2	22.065	15.14	3.23987	4.89691	4000	1
2	16	8	100	2.5	22.065	14.78	2.85268	4.64372	4026	1
2	16	8	100	3	22.075	13.95	2.50687	4.47402	4050	1
2	16	8	100	3.5	22.08	13.23	2.11987	4.1686	4093	1
2	16	8	100	4	22.085	12.44	1.80659	3.87133	4143	1
2	16	8	100	4.5	22.1	11.53	1.4574	3.55069	4238	1
2	16	8	100	5	22.11	10.63	1.15144	3.25982	4327	1
2	16	8	100	6	22.145	8.82	0.527847	2.59164	4520	1
2	16	8	100	7	22.185	6.85	-0.022492	1.93107	4682	1
2	16	8	100	8	22.235	5.04	-0.561926	1.25317	4809	1
2	16	8	100	9	22.275	3.03	-1.06426	0.564767	4957	1
2	16	8	100	10	22.325	1.22	-1.54748	-0.0624427	5767	1
2	15	8	10	0	22.845	0.14	0.021017	0.071314	474	1
2	15	8	10	0.5	22.845	0.12	-0.195848	-0.0329662	1044	1
2	15	8	50	0	22.785	2.76	1.22473	1.22989	2680	1
2	15	8	50	6	22.765	1.04	-0.889865	0.0101095	4151	1
2	15	8	50	7	22.77	0.78	-1.11204	-0.12981	4248	1
2	15	8	100	0	22.41	12.22	4.02908	3.83981	4194	1
2	15	8	100	0.5	22.355	12.98	3.63137	4.04209	4185	1
2	15	8	100	1	22.335	13.09	3.33314	4.11627	4190	1
2	15	8	100	1.5	22.325	13.03	2.99313	4.10956	4200	1
2	15	8	100	2	22.32	12.75	2.73412	3.99028	4214	1
2	15	8	100	2.5	22.325	12.35	2.37803	3.83447	4227	1
2	15	8	100	3	22.325	11.77	2.07625	3.63019	4239	1
2	15	8	100	3.5	22.335	11.04	1.72592	3.42244	4258	1
2	15	8	100	4	22.345	10.38	1.45041	3.19195	4283	1
2	15	8	100	4.5	22.355	9.69	1.14603	2.88831	4314	1
2	15	8	100	5	22.38	8.79	0.854217	2.62692	4347	1
2	15	8	100	6	22.415	7.22	0.337752	2.04437	4473	1
2	15	8	100	7	22.47	5.39	-0.19904	1.41476	4593	1
2	15	8	100	8	22.515	3.81	-0.652236	0.836097	4674	1
2	15	8	100	9	22.555	2.1	-1.12321	0.242775	4789	1
2	15	8	100	10	22.605	0.51	-1.56191	-0.319802	4854	1
2	10	7	10	0	22.66	0.14	0.00079215	-0.0234735	1443	1
2	10	7	10	0.5	22.66	0.13	-0.0995123	-0.0199472	1754	1
2	10	7	10	1	22.66	0.13	-0.189432	-0.0908821	2106	1
2	10	7	50	0	22.62	1.78	0.406029	0.405166	3453	1
2	10	7	50	0.5	22.61	1.75	0.27273	0.377641	3456	1
2	10	7	50	1	22.61	1.67	0.158843	0.329245	3525	1
2	10	7	50	1.5	22.61	1.57	0.0609175	0.266605	3612	1
2	10	7	50	2	22.61	1.47	-0.0458693	0.203528	3709	1
2	10	7	50	2.5	22.61	1.38	-0.138702	0.142639	3818	1
2	10	7	50	3	22.61	1.28	-0.215194	0.0893528	3918	1
2	10	7	50	3.5	22.61	1.18	-0.292305	0.0388377	4029	1
2	10	7	50	4	22.61	1.08	-0.392385	-0.023871	4129	1
2	10	7	100	0	22.55	3.4	0.832619	0.755906	5120	1
2	10	7	100	0.5	22.525	3.45	0.721667	0.796302	5091	1
2	10	7	100	1	22.52	3.4	0.589517	0.802013	5079	1
2	10	7	100	1.5	22.52	3.25	0.407456	0.723341	5079	1
2	10	7	100	2	22.52	3.05	0.300827	0.65527	5068	1
2	10	7	100	2.5	22.525	2.8	0.139663	0.56548	5043	1
2	10	7	100	3	22.53	2.6	0.0402042	0.494563	5037	1
2	10	7	100	3.5	22.535	2.35	-0.099136	0.400227	5006	1
2	10	7	100	4	22.54	2.17	-0.207672	0.327001	4991	1
2	10	7	100	4.5	22.545	1.94	-0.313804	0.242738	4982	1
2	10	7	100	5	22.545	1.7	-0.445411	0.153454	5000	1
2	10	7	100	6	22.555	1.25	-0.650735	-0.00764484	5011	1
2	10	7	100	7	22.57	0.84	-0.847185	-0.168523	5058	1
2	10	6	10	0	22.61	0.14	0.00807685	0.0301548	1415	1
2	10	6	10	0.5	22.61	0.13	-0.120887	-0.0613985	1907	1
2	10	6	10	1	22.61	0.13	-0.198496	-0.023862	2994	1
2	10	6	50	0	22.56	1.72	0.444283	0.366172	2876	1
2	10	6	50	0.5	22.56	1.65	0.245611	0.327357	3001	1
2	10	6	50	1	22.55	1.55	0.123014	0.270308	3167	1
2	10	6	50	1.5	22.55	1.45	0.006495	0.20785	3366	1
2	10	6	50	2	22.55	1.35	-0.08472	0.156684	3554	1
2	10	6	50	2.5	22.55	1.24	-0.198213	0.0936837	3722	1
2	10	6	50	3	22.55	1.14	-0.281524	0.0419769	3896	1
2	10	6	50	3.5	22.55	1.05	-0.39049	-0.000808	4070	1
2	10	6	100	0	22.5	3.15	0.774066	0.625677	3857	1
2	10	6	100	0.5	22.49	3.11	0.584685	0.655282	3821	1
2	10	6	100	1	22.48	2.97	0.421312	0.601698	3896	1
2	10	6	100	1.5	22.485	2.76	0.290467	0.51151	4000	1
2	10	6	100	2	22.485	2.59	0.142662	0.44656	4100	1
2	10	6	100	2.5	22.485	2.36	0.0145844	0.364351	4209	1
2	10	6	100	3	22.49	2.12	-0.107747	0.276052	4314	1
2	10	6	100	3.5	22.49	1.92	-0.233262	0.193653	4426	1
2	10	6	100	4	22.495	1.68	-0.346542	0.123411	4540	1
2	10	6	100	4.5	22.5	1.46	-0.456304	0.0495256	4759	1
2	10	6	100	5	22.51	1.28	-0.569752	-0.0276655	4988	1
2	10	6	100	6	22.52	0.92	-0.803732	-0.167348	5205	1
2	10	6	100	7	22.525	0.59	-1.01645	-0.270769	5426	1
2	13	8	10	0	22.55	0.14	0.0193374	0.034709	1038	1
2	13	8	50	0	22.49	2.3	0.824794	0.808293	2609	1
2	13	8	50	0.5	22.47	2.25	0.52233	0.767931	2665	1
2	13	8	50	1	22.47	2.14	0.365152	0.705459	2775	1
2	13	8	50	1.5	22.47	2.02	0.220076	0.593836	2888	1
2	13	8	50	2	22.47	1.9	0.105416	0.519651	3007	1
2	13	8	50	2.5	22.465	1.77	-0.0209388	0.413256	3111	1
2	13	8	50	3	22.47	1.64	-0.166699	0.35098	3226	1
2	13	8	50	3.5	22.47	1.5	-0.27733	0.276622	3341	1
2	13	8	50	4	22.47	1.37	-0.39816	0.171054	3541	1
2	13	8	50	4.5	22.475	1.24	-0.521169	0.105363	3638	1
2	13	8	50	5	22.475	1.12	-0.616938	0.0432162	3782	1
2	13	8	50	6	22.485	0.87	-0.808007	-0.0881023	3994	1
2	13	8	50	7	22.49	0.62	-1.00882	-0.196888	4252	1
2	13	8	100	0	22.325	6.3	2.12854	1.86456	4289	1
2	13	8	100	0.5	22.3	6.74	1.81855	2.03287	4258	1
2	13	8	100	1	22.295	6.74	1.5709	2.0358	4252	1
2	13	8	100	1.5	22.295	6.54	1.28208	1.95328	4258	1
2	13	8	100	2	22.295	6.12	1.02079	1.82883	4270	1
2	13	8	100	2.5	22.3	5.69	0.777742	1.63274	4296	1
2	13	8	100	3	22.29	5.21	0.565801	1.45259	4302	1
2	13	8	100	3.5	22.295	4.82	0.353468	1.32273	4321	1
2	13	8	100	4	22.3	4.38	0.161753	1.17171	4352	1
2	13	8	100	4.5	22.305	3.95	-0.0116019	1.00284	4393	1
2	13	8	100	5	22.315	3.46	-0.181623	0.81147	4439	1
2	13	8	100	6	22.335	2.5	-0.522689	0.484109	4515	1
2	13	8	100	7	22.355	1.78	-0.808411	0.20117	4563	1
2	13	8	100	8	22.38	0.99	-1.07526	-0.0942829	4591	1
2	13	8	100	9	22.395	0.29	-1.3544	-0.347059	4662	1
2	10	8	10	0	22.215	0.12	0.02112	0.03838	2142	1
2	10	8	50	0	22.155	1.84	0.428421	0.43826	3747	1
2	10	8	50	1	22.14	1.7	0.22135	0.35028	4136	1
2	10	8	50	1.5	22.14	1.63	0.124739	0.29137	4357	1
2	10	8	50	2	22.14	1.52	0.0531744	0.246628	4566	1
2	10	8	50	2.5	22.14	1.46	-0.0423799	0.184569	4767	1
2	10	8	50	3	22.14	1.36	-0.139058	0.140484	5167	1
2	10	8	50	3.5	22.145	1.29	-0.231893	0.0923669	5357	1
2	10	8	50	4	22.145	1.2	-0.328746	0.0365065	5398	1
2	10	8	50	4.5	22.15	1.12	-0.41311	0.00308129	5432	1
2	10	8	50	5	22.15	1.04	-0.491682	-0.0381238	5419	1
2	10	8	100	0	22.07	3.7	0.746805	0.864673	5337	1
2	10	8	100	0.5	22.06	3.55	0.714593	0.811726	5323	1
2	10	8	100	1	22.055	3.55	0.65327	0.799068	5360	1
2	10	8	100	1.5	22.05	3.45	0.543073	0.800244	5398	1
2	10	8	100	2	22.055	3.3	0.375993	0.707426	5441	1
2	10	8	100	2.5	22.06	3	0.230697	0.608608	5533	1
2	10	8	100	3	22.065	2.83	0.103923	0.505272	5608	1
2	10	8	100	3.5	22.07	2.6	0.00146965	0.439909	5689	1
2	10	8	100	4	22.075	2.39	-0.0856554	0.38712	5424	1
2	10	8	100	4.5	22.08	2.2	-0.192386	0.318814	5360	1
2	10	8	100	5	22.08	2.03	-0.284249	0.251804	5317	1
2	10	8	100	6	22.09	1.65	-0.493531	0.113131	5264	1
2	10	8	100	7	22.1	1.3	-0.750406	-0.0151495	5111	1
4	10.5	8	10	0	22.16	0.14	0.0220936	0.0346429	1959	1
4	10.5	8	10	0.5	22.16	0.12	-0.119981	-0.150833	2589	1
4	10.5	8	10	1	22.16	0.11	-0.277307	-0.202609	3082	1
4	10.5	8	50	0	22.09	2.3	0.786008	0.795286	3558	1
4	10.5	8	50	3.5	22.095	1.24	-0.310343	0.0522114	5097	1
4	10.5	8	50	4	22.1	1.1	-0.417778	-0.00124107	5159	1
4	10.5	8	50	4.5	22.105	0.95	-0.537162	-0.0923153	5281	1
4	10.5	8	100	0	21.94	6.6	1.84997	1.97452	5070	1
4	10.5	8	100	0.5	21.9	6.35	1.47485	1.87031	5091	1
4	10.5	8	100	1	21.89	5.95	1.198	1.71389	5137	1
4	10.5	8	100	1.5	21.71	5.45	0.99741	1.52751	5191	1
4	10.5	8	100	2	21.865	5.1	0.799304	1.39329	5239	1
4	10.5	8	100	2.5	21.85	4.68	0.614537	1.25421	5363	1
4	10.5	8	100	3	21.84	4.2	0.3836	1.04451	5473	1
4	10.5	8	100	3.5	21.84	3.7	0.189969	0.849669	5589	1
4	10.5	8	100	4	21.84	3.1	-0.00236394	0.655916	5697	1
4	10.5	8	100	4.5	21.85	2.55	-0.229005	0.464126	5755	1
4	10.5	8	100	5	21.85	2.12	-0.386198	0.283706	5227	1
4	10.5	8	100	5.5	21.86	1.61	-0.283706	0.110982	5170	1
4	10.5	8	100	6	21.855	1.16	-0.762923	-0.0467708	5108	1
4	10.5	8	100	7	21.87	0.38	-1.1057	-0.350725	5051	1
