0	1	2	3	4	5	6	7	8	9	0	1	2	3	4	5	6	7	8	9	0	1	2	3	4	5	6	7	8	9	0	1	2	3	4	5	6	7	8	9	0	1	2	3	4	5	6	7	8	9	0	1	2	3	4	5	6	7	8	9	0	1	2	3	4	5	6	7	8	9
0	0	0	0	0	0	0	0	0	0	1	1	1	1	1	1	1	1	1	1	2	2	2	2	2	2	2	2	2	2	3	3	3	3	3	3	3	3	3	3	4	4	4	4	4	4	4	4	4	4	5	5	5	5	5	5	5	5	5	5	6	6	6	6	6	6	6	6	6	6
0	0	0	0	0	0	0	0	0	0	0	0	0	0	0	0	0	0	0	0	0	0	0	0	0	0	0	0	0	0	0	0	0	0	0	0	0	0	0	0	0	0	0	0	0	0	0	0	0	0	0	0	0	0	0	0	0	0	0	0	0	0	0	0	0	0	0	0	0	0
0.499598	0.499598	0.499598	0.499598	0.499598	0.499598	0.499598	0.499598	0.499598	0.499598	4.441265	4.441265	4.441265	4.441265	4.441265	4.441265	4.441265	4.441265	4.441265	4.441265	8.382932	8.382932	8.382932	8.382932	8.382932	8.382932	8.382932	8.382932	8.382932	8.382932	12.324598	12.324598	12.324598	12.324598	12.324598	12.324598	12.324598	12.324598	12.324598	12.324598	16.266265	16.266265	16.266265	16.266265	16.266265	16.266265	16.266265	16.266265	16.266265	16.266265	20.207932	20.207932	20.207932	20.207932	20.207932	20.207932	20.207932	20.207932	20.207932	20.207932	24.149598	24.149598	24.149598	24.149598	24.149598	24.149598	24.149598	24.149598	24.149598	24.149598
0.937787	0.937787	0.937787	0.937787	0.937787	0.937787	0.937787	0.937787	0.937787	0.937787	4.879454	4.879454	4.879454	4.879454	4.879454	4.879454	4.879454	4.879454	4.879454	4.879454	8.821121	8.821121	8.821121	8.821121	8.821121	8.821121	8.821121	8.821121	8.821121	8.821121	12.762787	12.762787	12.762787	12.762787	12.762787	12.762787	12.762787	12.762787	12.762787	12.762787	16.704454	16.704454	16.704454	16.704454	16.704454	16.704454	16.704454	16.704454	16.704454	16.704454	20.646121	20.646121	20.646121	20.646121	20.646121	20.646121	20.646121	20.646121	20.646121	20.646121	24.587787	24.587787	24.587787	24.587787	24.587787	24.587787	24.587787	24.587787	24.587787	24.587787
1.342906	1.342906	1.342906	1.342906	1.342906	1.342906	1.342906	1.342906	1.342906	1.342906	5.284572	5.284572	5.284572	5.284572	5.284572	5.284572	5.284572	5.284572	5.284572	5.284572	9.226239	9.226239	9.226239	9.226239	9.226239	9.226239	9.226239	9.226239	9.226239	9.226239	13.167906	13.167906	13.167906	13.167906	13.167906	13.167906	13.167906	13.167906	13.167906	13.167906	17.109572	17.109572	17.109572	17.109572	17.109572	17.109572	17.109572	17.109572	17.109572	17.109572	21.051239	21.051239	21.051239	21.051239	21.051239	21.051239	21.051239	21.051239	21.051239	21.051239	24.992906	24.992906	24.992906	24.992906	24.992906	24.992906	24.992906	24.992906	24.992906	24.992906
1.748024	1.748024	1.748024	1.748024	1.748024	1.748024	1.748024	1.748024	1.748024	1.748024	5.68969	5.68969	5.68969	5.68969	5.68969	5.68969	5.68969	5.68969	5.68969	5.68969	9.631357	9.631357	9.631357	9.631357	9.631357	9.631357	9.631357	9.631357	9.631357	9.631357	13.573024	13.573024	13.573024	13.573024	13.573024	13.573024	13.573024	13.573024	13.573024	13.573024	17.51469	17.51469	17.51469	17.51469	17.51469	17.51469	17.51469	17.51469	17.51469	17.51469	21.456357	21.456357	21.456357	21.456357	21.456357	21.456357	21.456357	21.456357	21.456357	21.456357	25.398024	25.398024	25.398024	25.398024	25.398024	25.398024	25.398024	25.398024	25.398024	25.398024
2.152748	2.152748	2.152748	2.152748	2.152748	2.152748	2.152748	2.152748	2.152748	2.152748	6.094415	6.094415	6.094415	6.094415	6.094415	6.094415	6.094415	6.094415	6.094415	6.094415	10.036081	10.036081	10.036081	10.036081	10.036081	10.036081	10.036081	10.036081	10.036081	10.036081	13.977748	13.977748	13.977748	13.977748	13.977748	13.977748	13.977748	13.977748	13.977748	13.977748	17.919415	17.919415	17.919415	17.919415	17.919415	17.919415	17.919415	17.919415	17.919415	17.919415	21.861081	21.861081	21.861081	21.861081	21.861081	21.861081	21.861081	21.861081	21.861081	21.861081	25.802748	25.802748	25.802748	25.802748	25.802748	25.802748	25.802748	25.802748	25.802748	25.802748
2.557866	2.557866	2.557866	2.557866	2.557866	2.557866	2.557866	2.557866	2.557866	2.557866	6.499533	6.499533	6.499533	6.499533	6.499533	6.499533	6.499533	6.499533	6.499533	6.499533	10.441199	10.441199	10.441199	10.441199	10.441199	10.441199	10.441199	10.441199	10.441199	10.441199	14.382866	14.382866	14.382866	14.382866	14.382866	14.382866	14.382866	14.382866	14.382866	14.382866	18.324533	18.324533	18.324533	18.324533	18.324533	18.324533	18.324533	18.324533	18.324533	18.324533	22.266199	22.266199	22.266199	22.266199	22.266199	22.266199	22.266199	22.266199	22.266199	22.266199	26.207866	26.207866	26.207866	26.207866	26.207866	26.207866	26.207866	26.207866	26.207866	26.207866
2.962984	2.962984	2.962984	2.962984	2.962984	2.962984	2.962984	2.962984	2.962984	2.962984	6.904651	6.904651	6.904651	6.904651	6.904651	6.904651	6.904651	6.904651	6.904651	6.904651	10.846318	10.846318	10.846318	10.846318	10.846318	10.846318	10.846318	10.846318	10.846318	10.846318	14.787984	14.787984	14.787984	14.787984	14.787984	14.787984	14.787984	14.787984	14.787984	14.787984	18.729651	18.729651	18.729651	18.729651	18.729651	18.729651	18.729651	18.729651	18.729651	18.729651	22.671318	22.671318	22.671318	22.671318	22.671318	22.671318	22.671318	22.671318	22.671318	22.671318	26.612984	26.612984	26.612984	26.612984	26.612984	26.612984	26.612984	26.612984	26.612984	26.612984
3.368102	3.368102	3.368102	3.368102	3.368102	3.368102	3.368102	3.368102	3.368102	3.368102	7.309769	7.309769	7.309769	7.309769	7.309769	7.309769	7.309769	7.309769	7.309769	7.309769	11.251436	11.251436	11.251436	11.251436	11.251436	11.251436	11.251436	11.251436	11.251436	11.251436	15.193102	15.193102	15.193102	15.193102	15.193102	15.193102	15.193102	15.193102	15.193102	15.193102	19.134769	19.134769	19.134769	19.134769	19.134769	19.134769	19.134769	19.134769	19.134769	19.134769	23.076436	23.076436	23.076436	23.076436	23.076436	23.076436	23.076436	23.076436	23.076436	23.076436	27.018102	27.018102	27.018102	27.018102	27.018102	27.018102	27.018102	27.018102	27.018102	27.018102
3.772827	3.772827	3.772827	3.772827	3.772827	3.772827	3.772827	3.772827	3.772827	3.772827	7.714493	7.714493	7.714493	7.714493	7.714493	7.714493	7.714493	7.714493	7.714493	7.714493	11.65616	11.65616	11.65616	11.65616	11.65616	11.65616	11.65616	11.65616	11.65616	11.65616	15.597827	15.597827	15.597827	15.597827	15.597827	15.597827	15.597827	15.597827	15.597827	15.597827	19.539493	19.539493	19.539493	19.539493	19.539493	19.539493	19.539493	19.539493	19.539493	19.539493	23.48116	23.48116	23.48116	23.48116	23.48116	23.48116	23.48116	23.48116	23.48116	23.48116	27.422827	27.422827	27.422827	27.422827	27.422827	27.422827	27.422827	27.422827	27.422827	27.422827
4.069677	4.069677	4.069677	4.069677	4.069677	4.069677	4.069677	4.069677	4.069677	4.069677	8.011344	8.011344	8.011344	8.011344	8.011344	8.011344	8.011344	8.011344	8.011344	8.011344	11.953011	11.953011	11.953011	11.953011	11.953011	11.953011	11.953011	11.953011	11.953011	11.953011	15.894677	15.894677	15.894677	15.894677	15.894677	15.894677	15.894677	15.894677	15.894677	15.894677	19.836344	19.836344	19.836344	19.836344	19.836344	19.836344	19.836344	19.836344	19.836344	19.836344	23.778011	23.778011	23.778011	23.778011	23.778011	23.778011	23.778011	23.778011	23.778011	23.778011	27.719677	27.719677	27.719677	27.719677	27.719677	27.719677	27.719677	27.719677	27.719677	27.719677
4.366528	4.366528	4.366528	4.366528	4.366528	4.366528	4.366528	4.366528	4.366528	4.366528	8.308194	8.308194	8.308194	8.308194	8.308194	8.308194	8.308194	8.308194	8.308194	8.308194	12.249861	12.249861	12.249861	12.249861	12.249861	12.249861	12.249861	12.249861	12.249861	12.249861	16.191528	16.191528	16.191528	16.191528	16.191528	16.191528	16.191528	16.191528	16.191528	16.191528	20.133194	20.133194	20.133194	20.133194	20.133194	20.133194	20.133194	20.133194	20.133194	20.133194	24.074861	24.074861	24.074861	24.074861	24.074861	24.074861	24.074861	24.074861	24.074861	24.074861	28.016528	28.016528	28.016528	28.016528	28.016528	28.016528	28.016528	28.016528	28.016528	28.016528
4.663378	4.663378	4.663378	4.663378	4.663378	4.663378	4.663378	4.663378	4.663378	4.663378	8.605045	8.605045	8.605045	8.605045	8.605045	8.605045	8.605045	8.605045	8.605045	8.605045	12.546711	12.546711	12.546711	12.546711	12.546711	12.546711	12.546711	12.546711	12.546711	12.546711	16.488378	16.488378	16.488378	16.488378	16.488378	16.488378	16.488378	16.488378	16.488378	16.488378	20.430045	20.430045	20.430045	20.430045	20.430045	20.430045	20.430045	20.430045	20.430045	20.430045	24.371711	24.371711	24.371711	24.371711	24.371711	24.371711	24.371711	24.371711	24.371711	24.371711	28.313378	28.313378	28.313378	28.313378	28.313378	28.313378	28.313378	28.313378	28.313378	28.313378
4.960622	4.960622	4.960622	4.960622	4.960622	4.960622	4.960622	4.960622	4.960622	4.960622	8.902289	8.902289	8.902289	8.902289	8.902289	8.902289	8.902289	8.902289	8.902289	8.902289	12.843955	12.843955	12.843955	12.843955	12.843955	12.843955	12.843955	12.843955	12.843955	12.843955	16.785622	16.785622	16.785622	16.785622	16.785622	16.785622	16.785622	16.785622	16.785622	16.785622	20.727289	20.727289	20.727289	20.727289	20.727289	20.727289	20.727289	20.727289	20.727289	20.727289	24.668955	24.668955	24.668955	24.668955	24.668955	24.668955	24.668955	24.668955	24.668955	24.668955	28.610622	28.610622	28.610622	28.610622	28.610622	28.610622	28.610622	28.610622	28.610622	28.610622
5.257472	5.257472	5.257472	5.257472	5.257472	5.257472	5.257472	5.257472	5.257472	5.257472	9.199139	9.199139	9.199139	9.199139	9.199139	9.199139	9.199139	9.199139	9.199139	9.199139	13.140806	13.140806	13.140806	13.140806	13.140806	13.140806	13.140806	13.140806	13.140806	13.140806	17.082472	17.082472	17.082472	17.082472	17.082472	17.082472	17.082472	17.082472	17.082472	17.082472	21.024139	21.024139	21.024139	21.024139	21.024139	21.024139	21.024139	21.024139	21.024139	21.024139	24.965806	24.965806	24.965806	24.965806	24.965806	24.965806	24.965806	24.965806	24.965806	24.965806	28.907472	28.907472	28.907472	28.907472	28.907472	28.907472	28.907472	28.907472	28.907472	28.907472
5.554323	5.554323	5.554323	5.554323	5.554323	5.554323	5.554323	5.554323	5.554323	5.554323	9.495989	9.495989	9.495989	9.495989	9.495989	9.495989	9.495989	9.495989	9.495989	9.495989	13.437656	13.437656	13.437656	13.437656	13.437656	13.437656	13.437656	13.437656	13.437656	13.437656	17.379323	17.379323	17.379323	17.379323	17.379323	17.379323	17.379323	17.379323	17.379323	17.379323	21.320989	21.320989	21.320989	21.320989	21.320989	21.320989	21.320989	21.320989	21.320989	21.320989	25.262656	25.262656	25.262656	25.262656	25.262656	25.262656	25.262656	25.262656	25.262656	25.262656	29.204323	29.204323	29.204323	29.204323	29.204323	29.204323	29.204323	29.204323	29.204323	29.204323
5.851173	5.851173	5.851173	5.851173	5.851173	5.851173	5.851173	5.851173	5.851173	5.851173	9.79284	9.79284	9.79284	9.79284	9.79284	9.79284	9.79284	9.79284	9.79284	9.79284	13.734507	13.734507	13.734507	13.734507	13.734507	13.734507	13.734507	13.734507	13.734507	13.734507	17.676173	17.676173	17.676173	17.676173	17.676173	17.676173	17.676173	17.676173	17.676173	17.676173	21.61784	21.61784	21.61784	21.61784	21.61784	21.61784	21.61784	21.61784	21.61784	21.61784	25.559507	25.559507	25.559507	25.559507	25.559507	25.559507	25.559507	25.559507	25.559507	25.559507	29.501173	29.501173	29.501173	29.501173	29.501173	29.501173	29.501173	29.501173	29.501173	29.501173
6.148024	6.148024	6.148024	6.148024	6.148024	6.148024	6.148024	6.148024	6.148024	6.148024	10.08969	10.08969	10.08969	10.08969	10.08969	10.08969	10.08969	10.08969	10.08969	10.08969	14.031357	14.031357	14.031357	14.031357	14.031357	14.031357	14.031357	14.031357	14.031357	14.031357	17.973024	17.973024	17.973024	17.973024	17.973024	17.973024	17.973024	17.973024	17.973024	17.973024	21.91469	21.91469	21.91469	21.91469	21.91469	21.91469	21.91469	21.91469	21.91469	21.91469	25.856357	25.856357	25.856357	25.856357	25.856357	25.856357	25.856357	25.856357	25.856357	25.856357	29.798024	29.798024	29.798024	29.798024	29.798024	29.798024	29.798024	29.798024	29.798024	29.798024
6.444874	6.444874	6.444874	6.444874	6.444874	6.444874	6.444874	6.444874	6.444874	6.444874	10.386541	10.386541	10.386541	10.386541	10.386541	10.386541	10.386541	10.386541	10.386541	10.386541	14.328207	14.328207	14.328207	14.328207	14.328207	14.328207	14.328207	14.328207	14.328207	14.328207	18.269874	18.269874	18.269874	18.269874	18.269874	18.269874	18.269874	18.269874	18.269874	18.269874	22.211541	22.211541	22.211541	22.211541	22.211541	22.211541	22.211541	22.211541	22.211541	22.211541	26.153207	26.153207	26.153207	26.153207	26.153207	26.153207	26.153207	26.153207	26.153207	26.153207	30.094874	30.094874	30.094874	30.094874	30.094874	30.094874	30.094874	30.094874	30.094874	30.094874
6.741724	6.741724	6.741724	6.741724	6.741724	6.741724	6.741724	6.741724	6.741724	6.741724	10.683391	10.683391	10.683391	10.683391	10.683391	10.683391	10.683391	10.683391	10.683391	10.683391	14.625058	14.625058	14.625058	14.625058	14.625058	14.625058	14.625058	14.625058	14.625058	14.625058	18.566724	18.566724	18.566724	18.566724	18.566724	18.566724	18.566724	18.566724	18.566724	18.566724	22.508391	22.508391	22.508391	22.508391	22.508391	22.508391	22.508391	22.508391	22.508391	22.508391	26.450058	26.450058	26.450058	26.450058	26.450058	26.450058	26.450058	26.450058	26.450058	26.450058	30.391724	30.391724	30.391724	30.391724	30.391724	30.391724	30.391724	30.391724	30.391724	30.391724
7.038575	7.038575	7.038575	7.038575	7.038575	7.038575	7.038575	7.038575	7.038575	7.038575	10.980241	10.980241	10.980241	10.980241	10.980241	10.980241	10.980241	10.980241	10.980241	10.980241	14.921908	14.921908	14.921908	14.921908	14.921908	14.921908	14.921908	14.921908	14.921908	14.921908	18.863575	18.863575	18.863575	18.863575	18.863575	18.863575	18.863575	18.863575	18.863575	18.863575	22.805241	22.805241	22.805241	22.805241	22.805241	22.805241	22.805241	22.805241	22.805241	22.805241	26.746908	26.746908	26.746908	26.746908	26.746908	26.746908	26.746908	26.746908	26.746908	26.746908	30.688575	30.688575	30.688575	30.688575	30.688575	30.688575	30.688575	30.688575	30.688575	30.688575
7.335425	7.335425	7.335425	7.335425	7.335425	7.335425	7.335425	7.335425	7.335425	7.335425	11.277092	11.277092	11.277092	11.277092	11.277092	11.277092	11.277092	11.277092	11.277092	11.277092	15.218759	15.218759	15.218759	15.218759	15.218759	15.218759	15.218759	15.218759	15.218759	15.218759	19.160425	19.160425	19.160425	19.160425	19.160425	19.160425	19.160425	19.160425	19.160425	19.160425	23.102092	23.102092	23.102092	23.102092	23.102092	23.102092	23.102092	23.102092	23.102092	23.102092	27.043759	27.043759	27.043759	27.043759	27.043759	27.043759	27.043759	27.043759	27.043759	27.043759	30.985425	30.985425	30.985425	30.985425	30.985425	30.985425	30.985425	30.985425	30.985425	30.985425
7.632276	7.632276	7.632276	7.632276	7.632276	7.632276	7.632276	7.632276	7.632276	7.632276	11.573942	11.573942	11.573942	11.573942	11.573942	11.573942	11.573942	11.573942	11.573942	11.573942	15.515609	15.515609	15.515609	15.515609	15.515609	15.515609	15.515609	15.515609	15.515609	15.515609	19.457276	19.457276	19.457276	19.457276	19.457276	19.457276	19.457276	19.457276	19.457276	19.457276	23.398942	23.398942	23.398942	23.398942	23.398942	23.398942	23.398942	23.398942	23.398942	23.398942	27.340609	27.340609	27.340609	27.340609	27.340609	27.340609	27.340609	27.340609	27.340609	27.340609	31.282276	31.282276	31.282276	31.282276	31.282276	31.282276	31.282276	31.282276	31.282276	31.282276
7.929126	7.929126	7.929126	7.929126	7.929126	7.929126	7.929126	7.929126	7.929126	7.929126	11.870793	11.870793	11.870793	11.870793	11.870793	11.870793	11.870793	11.870793	11.870793	11.870793	15.812459	15.812459	15.812459	15.812459	15.812459	15.812459	15.812459	15.812459	15.812459	15.812459	19.754126	19.754126	19.754126	19.754126	19.754126	19.754126	19.754126	19.754126	19.754126	19.754126	23.695793	23.695793	23.695793	23.695793	23.695793	23.695793	23.695793	23.695793	23.695793	23.695793	27.637459	27.637459	27.637459	27.637459	27.637459	27.637459	27.637459	27.637459	27.637459	27.637459	31.579126	31.579126	31.579126	31.579126	31.579126	31.579126	31.579126	31.579126	31.579126	31.579126
8.225976	8.225976	8.225976	8.225976	8.225976	8.225976	8.225976	8.225976	8.225976	8.225976	12.167643	12.167643	12.167643	12.167643	12.167643	12.167643	12.167643	12.167643	12.167643	12.167643	16.10931	16.10931	16.10931	16.10931	16.10931	16.10931	16.10931	16.10931	16.10931	16.10931	20.050976	20.050976	20.050976	20.050976	20.050976	20.050976	20.050976	20.050976	20.050976	20.050976	23.992643	23.992643	23.992643	23.992643	23.992643	23.992643	23.992643	23.992643	23.992643	23.992643	27.93431	27.93431	27.93431	27.93431	27.93431	27.93431	27.93431	27.93431	27.93431	27.93431	31.875976	31.875976	31.875976	31.875976	31.875976	31.875976	31.875976	31.875976	31.875976	31.875976
8.522827	8.522827	8.522827	8.522827	8.522827	8.522827	8.522827	8.522827	8.522827	8.522827	12.464493	12.464493	12.464493	12.464493	12.464493	12.464493	12.464493	12.464493	12.464493	12.464493	16.40616	16.40616	16.40616	16.40616	16.40616	16.40616	16.40616	16.40616	16.40616	16.40616	20.347827	20.347827	20.347827	20.347827	20.347827	20.347827	20.347827	20.347827	20.347827	20.347827	24.289493	24.289493	24.289493	24.289493	24.289493	24.289493	24.289493	24.289493	24.289493	24.289493	28.23116	28.23116	28.23116	28.23116	28.23116	28.23116	28.23116	28.23116	28.23116	28.23116	32.172827	32.172827	32.172827	32.172827	32.172827	32.172827	32.172827	32.172827	32.172827	32.172827
8.819677	8.819677	8.819677	8.819677	8.819677	8.819677	8.819677	8.819677	8.819677	8.819677	12.761344	12.761344	12.761344	12.761344	12.761344	12.761344	12.761344	12.761344	12.761344	12.761344	16.703011	16.703011	16.703011	16.703011	16.703011	16.703011	16.703011	16.703011	16.703011	16.703011	20.644677	20.644677	20.644677	20.644677	20.644677	20.644677	20.644677	20.644677	20.644677	20.644677	24.586344	24.586344	24.586344	24.586344	24.586344	24.586344	24.586344	24.586344	24.586344	24.586344	28.528011	28.528011	28.528011	28.528011	28.528011	28.528011	28.528011	28.528011	28.528011	28.528011	32.469677	32.469677	32.469677	32.469677	32.469677	32.469677	32.469677	32.469677	32.469677	32.469677
9.116528	9.116528	9.116528	9.116528	9.116528	9.116528	9.116528	9.116528	9.116528	9.116528	13.058194	13.058194	13.058194	13.058194	13.058194	13.058194	13.058194	13.058194	13.058194	13.058194	16.999861	16.999861	16.999861	16.999861	16.999861	16.999861	16.999861	16.999861	16.999861	16.999861	20.941528	20.941528	20.941528	20.941528	20.941528	20.941528	20.941528	20.941528	20.941528	20.941528	24.883194	24.883194	24.883194	24.883194	24.883194	24.883194	24.883194	24.883194	24.883194	24.883194	28.824861	28.824861	28.824861	28.824861	28.824861	28.824861	28.824861	28.824861	28.824861	28.824861	32.766528	32.766528	32.766528	32.766528	32.766528	32.766528	32.766528	32.766528	32.766528	32.766528
9.413378	9.413378	9.413378	9.413378	9.413378	9.413378	9.413378	9.413378	9.413378	9.413378	13.355045	13.355045	13.355045	13.355045	13.355045	13.355045	13.355045	13.355045	13.355045	13.355045	17.296711	17.296711	17.296711	17.296711	17.296711	17.296711	17.296711	17.296711	17.296711	17.296711	21.238378	21.238378	21.238378	21.238378	21.238378	21.238378	21.238378	21.238378	21.238378	21.238378	25.180045	25.180045	25.180045	25.180045	25.180045	25.180045	25.180045	25.180045	25.180045	25.180045	29.121711	29.121711	29.121711	29.121711	29.121711	29.121711	29.121711	29.121711	29.121711	29.121711	33.063378	33.063378	33.063378	33.063378	33.063378	33.063378	33.063378	33.063378	33.063378	33.063378
9.710622	9.710622	9.710622	9.710622	9.710622	9.710622	9.710622	9.710622	9.710622	9.710622	13.652289	13.652289	13.652289	13.652289	13.652289	13.652289	13.652289	13.652289	13.652289	13.652289	17.593955	17.593955	17.593955	17.593955	17.593955	17.593955	17.593955	17.593955	17.593955	17.593955	21.535622	21.535622	21.535622	21.535622	21.535622	21.535622	21.535622	21.535622	21.535622	21.535622	25.477289	25.477289	25.477289	25.477289	25.477289	25.477289	25.477289	25.477289	25.477289	25.477289	29.418955	29.418955	29.418955	29.418955	29.418955	29.418955	29.418955	29.418955	29.418955	29.418955	33.360622	33.360622	33.360622	33.360622	33.360622	33.360622	33.360622	33.360622	33.360622	33.360622
10.007472	10.007472	10.007472	10.007472	10.007472	10.007472	10.007472	10.007472	10.007472	10.007472	13.949139	13.949139	13.949139	13.949139	13.949139	13.949139	13.949139	13.949139	13.949139	13.949139	17.890806	17.890806	17.890806	17.890806	17.890806	17.890806	17.890806	17.890806	17.890806	17.890806	21.832472	21.832472	21.832472	21.832472	21.832472	21.832472	21.832472	21.832472	21.832472	21.832472	25.774139	25.774139	25.774139	25.774139	25.774139	25.774139	25.774139	25.774139	25.774139	25.774139	29.715806	29.715806	29.715806	29.715806	29.715806	29.715806	29.715806	29.715806	29.715806	29.715806	33.657472	33.657472	33.657472	33.657472	33.657472	33.657472	33.657472	33.657472	33.657472	33.657472
10.304323	10.304323	10.304323	10.304323	10.304323	10.304323	10.304323	10.304323	10.304323	10.304323	14.245989	14.245989	14.245989	14.245989	14.245989	14.245989	14.245989	14.245989	14.245989	14.245989	18.187656	18.187656	18.187656	18.187656	18.187656	18.187656	18.187656	18.187656	18.187656	18.187656	22.129323	22.129323	22.129323	22.129323	22.129323	22.129323	22.129323	22.129323	22.129323	22.129323	26.070989	26.070989	26.070989	26.070989	26.070989	26.070989	26.070989	26.070989	26.070989	26.070989	30.012656	30.012656	30.012656	30.012656	30.012656	30.012656	30.012656	30.012656	30.012656	30.012656	33.954323	33.954323	33.954323	33.954323	33.954323	33.954323	33.954323	33.954323	33.954323	33.954323
10.601173	10.601173	10.601173	10.601173	10.601173	10.601173	10.601173	10.601173	10.601173	10.601173	14.54284	14.54284	14.54284	14.54284	14.54284	14.54284	14.54284	14.54284	14.54284	14.54284	18.484507	18.484507	18.484507	18.484507	18.484507	18.484507	18.484507	18.484507	18.484507	18.484507	22.426173	22.426173	22.426173	22.426173	22.426173	22.426173	22.426173	22.426173	22.426173	22.426173	26.36784	26.36784	26.36784	26.36784	26.36784	26.36784	26.36784	26.36784	26.36784	26.36784	30.309507	30.309507	30.309507	30.309507	30.309507	30.309507	30.309507	30.309507	30.309507	30.309507	34.251173	34.251173	34.251173	34.251173	34.251173	34.251173	34.251173	34.251173	34.251173	34.251173
11.005898	11.005898	11.005898	11.005898	11.005898	11.005898	11.005898	11.005898	11.005898	11.005898	14.947564	14.947564	14.947564	14.947564	14.947564	14.947564	14.947564	14.947564	14.947564	14.947564	18.889231	18.889231	18.889231	18.889231	18.889231	18.889231	18.889231	18.889231	18.889231	18.889231	22.830898	22.830898	22.830898	22.830898	22.830898	22.830898	22.830898	22.830898	22.830898	22.830898	26.772564	26.772564	26.772564	26.772564	26.772564	26.772564	26.772564	26.772564	26.772564	26.772564	30.714231	30.714231	30.714231	30.714231	30.714231	30.714231	30.714231	30.714231	30.714231	30.714231	34.655898	34.655898	34.655898	34.655898	34.655898	34.655898	34.655898	34.655898	34.655898	34.655898
11.411016	11.411016	11.411016	11.411016	11.411016	11.411016	11.411016	11.411016	11.411016	11.411016	15.352682	15.352682	15.352682	15.352682	15.352682	15.352682	15.352682	15.352682	15.352682	15.352682	19.294349	19.294349	19.294349	19.294349	19.294349	19.294349	19.294349	19.294349	19.294349	19.294349	23.236016	23.236016	23.236016	23.236016	23.236016	23.236016	23.236016	23.236016	23.236016	23.236016	27.177682	27.177682	27.177682	27.177682	27.177682	27.177682	27.177682	27.177682	27.177682	27.177682	31.119349	31.119349	31.119349	31.119349	31.119349	31.119349	31.119349	31.119349	31.119349	31.119349	35.061016	35.061016	35.061016	35.061016	35.061016	35.061016	35.061016	35.061016	35.061016	35.061016
11.816134	11.816134	11.816134	11.816134	11.816134	11.816134	11.816134	11.816134	11.816134	11.816134	15.757801	15.757801	15.757801	15.757801	15.757801	15.757801	15.757801	15.757801	15.757801	15.757801	19.699467	19.699467	19.699467	19.699467	19.699467	19.699467	19.699467	19.699467	19.699467	19.699467	23.641134	23.641134	23.641134	23.641134	23.641134	23.641134	23.641134	23.641134	23.641134	23.641134	27.582801	27.582801	27.582801	27.582801	27.582801	27.582801	27.582801	27.582801	27.582801	27.582801	31.524467	31.524467	31.524467	31.524467	31.524467	31.524467	31.524467	31.524467	31.524467	31.524467	35.466134	35.466134	35.466134	35.466134	35.466134	35.466134	35.466134	35.466134	35.466134	35.466134
12.221252	12.221252	12.221252	12.221252	12.221252	12.221252	12.221252	12.221252	12.221252	12.221252	16.162919	16.162919	16.162919	16.162919	16.162919	16.162919	16.162919	16.162919	16.162919	16.162919	20.104585	20.104585	20.104585	20.104585	20.104585	20.104585	20.104585	20.104585	20.104585	20.104585	24.046252	24.046252	24.046252	24.046252	24.046252	24.046252	24.046252	24.046252	24.046252	24.046252	27.987919	27.987919	27.987919	27.987919	27.987919	27.987919	27.987919	27.987919	27.987919	27.987919	31.929585	31.929585	31.929585	31.929585	31.929585	31.929585	31.929585	31.929585	31.929585	31.929585	35.871252	35.871252	35.871252	35.871252	35.871252	35.871252	35.871252	35.871252	35.871252	35.871252
12.625976	12.625976	12.625976	12.625976	12.625976	12.625976	12.625976	12.625976	12.625976	12.625976	16.567643	16.567643	16.567643	16.567643	16.567643	16.567643	16.567643	16.567643	16.567643	16.567643	20.50931	20.50931	20.50931	20.50931	20.50931	20.50931	20.50931	20.50931	20.50931	20.50931	24.450976	24.450976	24.450976	24.450976	24.450976	24.450976	24.450976	24.450976	24.450976	24.450976	28.392643	28.392643	28.392643	28.392643	28.392643	28.392643	28.392643	28.392643	28.392643	28.392643	32.33431	32.33431	32.33431	32.33431	32.33431	32.33431	32.33431	32.33431	32.33431	32.33431	36.275976	36.275976	36.275976	36.275976	36.275976	36.275976	36.275976	36.275976	36.275976	36.275976
13.031094	13.031094	13.031094	13.031094	13.031094	13.031094	13.031094	13.031094	13.031094	13.031094	16.972761	16.972761	16.972761	16.972761	16.972761	16.972761	16.972761	16.972761	16.972761	16.972761	20.914428	20.914428	20.914428	20.914428	20.914428	20.914428	20.914428	20.914428	20.914428	20.914428	24.856094	24.856094	24.856094	24.856094	24.856094	24.856094	24.856094	24.856094	24.856094	24.856094	28.797761	28.797761	28.797761	28.797761	28.797761	28.797761	28.797761	28.797761	28.797761	28.797761	32.739428	32.739428	32.739428	32.739428	32.739428	32.739428	32.739428	32.739428	32.739428	32.739428	36.681094	36.681094	36.681094	36.681094	36.681094	36.681094	36.681094	36.681094	36.681094	36.681094
13.436213	13.436213	13.436213	13.436213	13.436213	13.436213	13.436213	13.436213	13.436213	13.436213	17.377879	17.377879	17.377879	17.377879	17.377879	17.377879	17.377879	17.377879	17.377879	17.377879	21.319546	21.319546	21.319546	21.319546	21.319546	21.319546	21.319546	21.319546	21.319546	21.319546	25.261213	25.261213	25.261213	25.261213	25.261213	25.261213	25.261213	25.261213	25.261213	25.261213	29.202879	29.202879	29.202879	29.202879	29.202879	29.202879	29.202879	29.202879	29.202879	29.202879	33.144546	33.144546	33.144546	33.144546	33.144546	33.144546	33.144546	33.144546	33.144546	33.144546	37.086213	37.086213	37.086213	37.086213	37.086213	37.086213	37.086213	37.086213	37.086213	37.086213
13.874402	13.874402	13.874402	13.874402	13.874402	13.874402	13.874402	13.874402	13.874402	13.874402	17.816068	17.816068	17.816068	17.816068	17.816068	17.816068	17.816068	17.816068	17.816068	17.816068	21.757735	21.757735	21.757735	21.757735	21.757735	21.757735	21.757735	21.757735	21.757735	21.757735	25.699402	25.699402	25.699402	25.699402	25.699402	25.699402	25.699402	25.699402	25.699402	25.699402	29.641068	29.641068	29.641068	29.641068	29.641068	29.641068	29.641068	29.641068	29.641068	29.641068	33.582735	33.582735	33.582735	33.582735	33.582735	33.582735	33.582735	33.582735	33.582735	33.582735	37.524402	37.524402	37.524402	37.524402	37.524402	37.524402	37.524402	37.524402	37.524402	37.524402
0	0	0	0	0	0	0	0	0	0	0	0	0	0	0	0	0	0	0	0	0	0	0	0	0	0	0	0	0	0	0	0	0	0	0	0	0	0	0	0	0	0	0	0	0	0	0	0	0	0	0	0	0	0	0	0	0	0	0	0	0	0	0	0	0	0	0	0	0	0
0	0	0	0	0	0	0	0	0	0	0	0	0	0	0	0	0	0	0	0	0	0	0	0	0	0	0	0	0	0	0	0	0	0	0	0	0	0	0	0	0	0	0	0	0	0	0	0	0	0	0	0	0	0	0	0	0	0	0	0	0	0	0	0	0	0	0	0	0	0
0	0	0	0	0	0	0	0	0	0	0	0	0	0	0	0	0	0	0	0	0	0	0	0	0	0	0	0	0	0	0	0	0	0	0	0	0	0	0	0	0	0	0	0	0	0	0	0	0	0	0	0	0	0	0	0	0	0	0	0	0	0	0	0	0	0	0	0	0	0
0	0	0	0	0	0	0	0	0	0	0	0	0	0	0	0	0	0	0	0	0	0	0	0	0	0	0	0	0	0	0	0	0	0	0	0	0	0	0	0	0	0	0	0	0	0	0	0	0	0	0	0	0	0	0	0	0	0	0	0	0	0	0	0	0	0	0	0	0	0
0	0	0	0	0	0	0	0	0	0	0	0	0	0	0	0	0	0	0	0	0	0	0	0	0	0	0	0	0	0	0	0	0	0	0	0	0	0	0	0	0	0	0	0	0	0	0	0	0	0	0	0	0	0	0	0	0	0	0	0	0	0	0	0	0	0	0	0	0	0
0	0	0	0	0	0	0	0	0	0	0	0	0	0	0	0	0	0	0	0	0	0	0	0	0	0	0	0	0	0	0	0	0	0	0	0	0	0	0	0	0	0	0	0	0	0	0	0	0	0	0	0	0	0	0	0	0	0	0	0	0	0	0	0	0	0	0	0	0	0
0	0	0	0	0	0	0	0	0	0	0	0	0	0	0	0	0	0	0	0	0	0	0	0	0	0	0	0	0	0	0	0	0	0	0	0	0	0	0	0	0	0	0	0	0	0	0	0	0	0	0	0	0	0	0	0	0	0	0	0	0	0	0	0	0	0	0	0	0	0
0	0	0	0	0	0	0	0	0	0	0	0	0	0	0	0	0	0	0	0	0	0	0	0	0	0	0	0	0	0	0	0	0	0	0	0	0	0	0	0	0	0	0	0	0	0	0	0	0	0	0	0	0	0	0	0	0	0	0	0	0	0	0	0	0	0	0	0	0	0
0	0	0	0	0	0	0	0	0	0	0	0	0	0	0	0	0	0	0	0	0	0	0	0	0	0	0	0	0	0	0	0	0	0	0	0	0	0	0	0	0	0	0	0	0	0	0	0	0	0	0	0	0	0	0	0	0	0	0	0	0	0	0	0	0	0	0	0	0	0
0	0	0	0	0	0	0	0	0	0	0	0	0	0	0	0	0	0	0	0	0	0	0	0	0	0	0	0	0	0	0	0	0	0	0	0	0	0	0	0	0	0	0	0	0	0	0	0	0	0	0	0	0	0	0	0	0	0	0	0	0	0	0	0	0	0	0	0	0	0
0	0	0	0	0	0	0	0	0	0	0	0	0	0	0	0	0	0	0	0	0	0	0	0	0	0	0	0	0	0	0	0	0	0	0	0	0	0	0	0	0	0	0	0	0	0	0	0	0	0	0	0	0	0	0	0	0	0	0	0	0	0	0	0	0	0	0	0	0	0
0	0	0	0	0	0	0	0	0	0	0	0	0	0	0	0	0	0	0	0	0	0	0	0	0	0	0	0	0	0	0	0	0	0	0	0	0	0	0	0	0	0	0	0	0	0	0	0	0	0	0	0	0	0	0	0	0	0	0	0	0	0	0	0	0	0	0	0	0	0
0	0	0	0	0	0	0	0	0	0	0	0	0	0	0	0	0	0	0	0	0	0	0	0	0	0	0	0	0	0	0	0	0	0	0	0	0	0	0	0	0	0	0	0	0	0	0	0	0	0	0	0	0	0	0	0	0	0	0	0	0	0	0	0	0	0	0	0	0	0
0	0	0	0	0	0	0	0	0	0	0	0	0	0	0	0	0	0	0	0	0	0	0	0	0	0	0	0	0	0	0	0	0	0	0	0	0	0	0	0	0	0	0	0	0	0	0	0	0	0	0	0	0	0	0	0	0	0	0	0	0	0	0	0	0	0	0	0	0	0
0	0	0	0	0	0	0	0	0	0	0	0	0	0	0	0	0	0	0	0	0	0	0	0	0	0	0	0	0	0	0	0	0	0	0	0	0	0	0	0	0	0	0	0	0	0	0	0	0	0	0	0	0	0	0	0	0	0	0	0	0	0	0	0	0	0	0	0	0	0
0	0	0	0	0	0	0	0	0	0	0	0	0	0	0	0	0	0	0	0	0	0	0	0	0	0	0	0	0	0	0	0	0	0	0	0	0	0	0	0	0	0	0	0	0	0	0	0	0	0	0	0	0	0	0	0	0	0	0	0	0	0	0	0	0	0	0	0	0	0
0	0	0	0	0	0	0	0	0	0	0	0	0	0	0	0	0	0	0	0	0	0	0	0	0	0	0	0	0	0	0	0	0	0	0	0	0	0	0	0	0	0	0	0	0	0	0	0	0	0	0	0	0	0	0	0	0	0	0	0	0	0	0	0	0	0	0	0	0	0
0	0	0	0	0	0	0	0	0	0	0	0	0	0	0	0	0	0	0	0	0	0	0	0	0	0	0	0	0	0	0	0	0	0	0	0	0	0	0	0	0	0	0	0	0	0	0	0	0	0	0	0	0	0	0	0	0	0	0	0	0	0	0	0	0	0	0	0	0	0
0	0	0	0	0	0	0	0	0	0	0	0	0	0	0	0	0	0	0	0	0	0	0	0	0	0	0	0	0	0	0	0	0	0	0	0	0	0	0	0	0	0	0	0	0	0	0	0	0	0	0	0	0	0	0	0	0	0	0	0	0	0	0	0	0	0	0	0	0	0
0	0	0	0	0	0	0	0	0	0	0	0	0	0	0	0	0	0	0	0	0	0	0	0	0	0	0	0	0	0	0	0	0	0	0	0	0	0	0	0	0	0	0	0	0	0	0	0	0	0	0	0	0	0	0	0	0	0	0	0	0	0	0	0	0	0	0	0	0	0
0	0	0	0	0	0	0	0	0	0	0	0	0	0	0	0	0	0	0	0	0	0	0	0	0	0	0	0	0	0	0	0	0	0	0	0	0	0	0	0	0	0	0	0	0	0	0	0	0	0	0	0	0	0	0	0	0	0	0	0	0	0	0	0	0	0	0	0	0	0
0	0	0	0	0	0	0	0	0	0	0	0	0	0	0	0	0	0	0	0	0	0	0	0	0	0	0	0	0	0	0	0	0	0	0	0	0	0	0	0	0	0	0	0	0	0	0	0	0	0	0	0	0	0	0	0	0	0	0	0	0	0	0	0	0	0	0	0	0	0
0	0	0	0	0	0	0	0	0	0	0	0	0	0	0	0	0	0	0	0	0	0	0	0	0	0	0	0	0	0	0	0	0	0	0	0	0	0	0	0	0	0	0	0	0	0	0	0	0	0	0	0	0	0	0	0	0	0	0	0	0	0	0	0	0	0	0	0	0	0
0	0	0	0	0	0	0	0	0	0	0	0	0	0	0	0	0	0	0	0	0	0	0	0	0	0	0	0	0	0	0	0	0	0	0	0	0	0	0	0	0	0	0	0	0	0	0	0	0	0	0	0	0	0	0	0	0	0	0	0	0	0	0	0	0	0	0	0	0	0
0	0	0	0	0	0	0	0	0	0	0	0	0	0	0	0	0	0	0	0	0	0	0	0	0	0	0	0	0	0	0	0	0	0	0	0	0	0	0	0	0	0	0	0	0	0	0	0	0	0	0	0	0	0	0	0	0	0	0	0	0	0	0	0	0	0	0	0	0	0
0	0	0	0	0	0	0	0	0	0	0	0	0	0	0	0	0	0	0	0	0	0	0	0	0	0	0	0	0	0	0	0	0	0	0	0	0	0	0	0	0	0	0	0	0	0	0	0	0	0	0	0	0	0	0	0	0	0	0	0	0	0	0	0	0	0	0	0	0	0
0	0	0	0	0	0	0	0	0	0	0	0	0	0	0	0	0	0	0	0	0	0	0	0	0	0	0	0	0	0	0	0	0	0	0	0	0	0	0	0	0	0	0	0	0	0	0	0	0	0	0	0	0	0	0	0	0	0	0	0	0	0	0	0	0	0	0	0	0	0
0	0	0	0	0	0	0	0	0	0	0	0	0	0	0	0	0	0	0	0	0	0	0	0	0	0	0	0	0	0	0	0	0	0	0	0	0	0	0	0	0	0	0	0	0	0	0	0	0	0	0	0	0	0	0	0	0	0	0	0	0	0	0	0	0	0	0	0	0	0
0	0	0	0	0	0	0	0	0	0	0	0	0	0	0	0	0	0	0	0	0	0	0	0	0	0	0	0	0	0	0	0	0	0	0	0	0	0	0	0	0	0	0	0	0	0	0	0	0	0	0	0	0	0	0	0	0	0	0	0	0	0	0	0	0	0	0	0	0	0
0	0	0	0	0	0	0	0	0	0	0	0	0	0	0	0	0	0	0	0	0	0	0	0	0	0	0	0	0	0	0	0	0	0	0	0	0	0	0	0	0	0	0	0	0	0	0	0	0	0	0	0	0	0	0	0	0	0	0	0	0	0	0	0	0	0	0	0	0	0
0	0	0	0	0	0	0	0	0	0	0	0	0	0	0	0	0	0	0	0	0	0	0	0	0	0	0	0	0	0	0	0	0	0	0	0	0	0	0	0	0	0	0	0	0	0	0	0	0	0	0	0	0	0	0	0	0	0	0	0	0	0	0	0	0	0	0	0	0	0
0	0	0	0	0	0	0	0	0	0	0	0	0	0	0	0	0	0	0	0	0	0	0	0	0	0	0	0	0	0	0	0	0	0	0	0	0	0	0	0	0	0	0	0	0	0	0	0	0	0	0	0	0	0	0	0	0	0	0	0	0	0	0	0	0	0	0	0	0	0
0	0	0	0	0	0	0	0	0	0	0	0	0	0	0	0	0	0	0	0	0	0	0	0	0	0	0	0	0	0	0	0	0	0	0	0	0	0	0	0	0	0	0	0	0	0	0	0	0	0	0	0	0	0	0	0	0	0	0	0	0	0	0	0	0	0	0	0	0	0
0	0	0	0	0	0	0	0	0	0	0	0	0	0	0	0	0	0	0	0	0	0	0	0	0	0	0	0	0	0	0	0	0	0	0	0	0	0	0	0	0	0	0	0	0	0	0	0	0	0	0	0	0	0	0	0	0	0	0	0	0	0	0	0	0	0	0	0	0	0
0	0	0	0	0	0	0	0	0	0	0	0	0	0	0	0	0	0	0	0	0	0	0	0	0	0	0	0	0	0	0	0	0	0	0	0	0	0	0	0	0	0	0	0	0	0	0	0	0	0	0	0	0	0	0	0	0	0	0	0	0	0	0	0	0	0	0	0	0	0
0	0	0	0	0	0	0	0	0	0	0	0	0	0	0	0	0	0	0	0	0	0	0	0	0	0	0	0	0	0	0	0	0	0	0	0	0	0	0	0	0	0	0	0	0	0	0	0	0	0	0	0	0	0	0	0	0	0	0	0	0	0	0	0	0	0	0	0	0	0
0	0	0	0	0	0	0	0	0	0	0	0	0	0	0	0	0	0	0	0	0	0	0	0	0	0	0	0	0	0	0	0	0	0	0	0	0	0	0	0	0	0	0	0	0	0	0	0	0	0	0	0	0	0	0	0	0	0	0	0	0	0	0	0	0	0	0	0	0	0
0	0	0	0	0	0	0	0	0	0	0	0	0	0	0	0	0	0	0	0	0	0	0	0	0	0	0	0	0	0	0	0	0	0	0	0	0	0	0	0	0	0	0	0	0	0	0	0	0	0	0	0	0	0	0	0	0	0	0	0	0	0	0	0	0	0	0	0	0	0
0	0	0	0	0	0	0	0	0	0	0	0	0	0	0	0	0	0	0	0	0	0	0	0	0	0	0	0	0	0	0	0	0	0	0	0	0	0	0	0	0	0	0	0	0	0	0	0	0	0	0	0	0	0	0	0	0	0	0	0	0	0	0	0	0	0	0	0	0	0
0	0	0	0	0	0	0	0	0	0	0	0	0	0	0	0	0	0	0	0	0	0	0	0	0	0	0	0	0	0	0	0	0	0	0	0	0	0	0	0	0	0	0	0	0	0	0	0	0	0	0	0	0	0	0	0	0	0	0	0	0	0	0	0	0	0	0	0	0	0
5.343997	5.349708	5.34049	5.336984	5.339191	5.34049	5.34049	5.34049	5.333477	5.343997	5.175682	5.179189	5.172175	5.175682	5.179189	5.179189	5.170917	5.177928	5.175682	5.182695	4.932528	4.93954	4.925517	4.936034	4.932528	4.974597	4.943046	4.925517	4.946551	4.943046	5.205974	5.212985	5.207241	5.207241	5.203734	5.200227	5.203734	5.210747	5.200227	5.21776	4.975808	4.99334	4.982821	4.986327	4.989834	4.979314	4.979314	4.986327	4.974597	4.985115	5.181435	5.182694	5.184939	5.184939	5.184939	5.184939	5.181435	5.181435	5.184939	5.184939	5.251549	5.255054	5.251549	5.251549	5.255054	5.255054	5.251549	5.24932	5.252826	5.255054
5.324554	5.328915	5.319365	5.325732	5.316182	5.325732	5.325732	5.328915	5.325732	5.328915	5.131547	5.118814	5.131547	5.125181	5.125181	5.121998	5.125181	5.127231	5.127231	5.127231	4.974464	4.984012	4.977647	4.977647	4.971281	4.999925	4.977647	4.980829	5.003108	4.984012	5.125181	5.120865	5.124048	5.098587	5.111317	5.108135	5.102898	5.102898	5.093348	5.125181	5.023314	5.023314	5.013764	5.029681	5.029681	5.016948	5.029681	5.026498	5.023314	5.016948	5.172931	5.172931	5.172931	5.172931	5.172931	5.176115	5.169748	5.172931	5.169748	5.169748	5.236598	5.236598	5.236598	5.233415	5.223865	5.233415	5.230231	5.229075	5.230231	5.233415
5.35566	5.362309	5.368958	5.362309	5.365633	5.368958	5.368958	5.358984	5.35566	5.362309	5.099679	5.106328	5.106328	5.099679	5.109652	5.103003	5.116301	5.10515	5.108474	5.098503	5.091855	5.10515	5.085208	5.091855	5.085208	5.111797	5.091855	5.098503	5.103003	5.099678	5.03319	5.049812	5.053136	5.019892	5.03319	5.036514	5.039839	5.036514	5.016568	5.046487	5.089705	5.086381	5.086381	5.093029	5.079731	5.071913	5.089705	5.079731	5.076407	5.081884	5.174947	5.171623	5.174947	5.171623	5.17827	5.174947	5.171623	5.168299	5.171623	5.174947	5.194889	5.194889	5.191565	5.194889	5.194889	5.201536	5.188241	5.191565	5.191565	5.194889
5.3543	5.357489	5.362679	5.362679	5.357489	5.360678	5.351111	5.344733	5.3543	5.347922	5.029024	5.035402	5.032213	5.029024	5.022646	5.032213	5.035402	5.029024	5.031099	5.025835	5.171383	5.178905	5.171383	5.171383	5.174571	5.17776	5.180948	5.171383	5.190513	5.187325	4.925886	4.952487	4.954581	4.916321	4.948204	4.954581	4.936543	4.930165	4.917408	4.933354	5.10237	5.108747	5.105558	5.111937	5.10237	5.095992	5.10237	5.108747	5.095992	5.10237	5.147016	5.145876	5.149065	5.149065	5.149065	5.149065	5.145876	5.147016	5.1395	5.145876	5.209642	5.203266	5.203266	5.209642	5.212831	5.200078	5.201229	5.206454	5.209642	5.200078
5.388499	5.379468	5.385489	5.385489	5.379468	5.385489	5.382479	5.379468	5.376459	5.370438	5.021239	5.021238	5.018229	5.018229	5.000166	5.009197	5.027259	5.021238	5.015218	5.009197	5.280128	5.295179	5.29819	5.286148	5.289158	5.29819	5.295179	5.29819	5.301199	5.295179	4.952001	4.961032	4.955011	4.94297	4.964043	4.970063	4.964043	4.958022	4.933939	4.945981	5.195838	5.198849	5.198849	5.201859	5.192827	5.192827	5.198849	5.192827	5.195838	5.192827	5.189817	5.192827	5.189817	5.189817	5.189817	5.189817	5.186807	5.186807	5.186807	5.189817	5.268086	5.265076	5.265076	5.271096	5.268086	5.268086	5.265076	5.265076	5.265076	5.265076
5.295118	5.298676	5.298676	5.288	5.288	5.291559	5.302235	5.295118	5.291559	5.277325	4.939263	4.964172	4.948716	4.94638	4.932146	4.957056	4.95939	4.955832	4.932146	4.935704	5.240445	5.236887	5.23333	5.236887	5.23333	5.23333	5.236887	5.236887	5.236887	5.240445	4.941601	4.957056	4.938044	4.942821	4.957056	4.95939	4.967731	4.967731	4.941601	4.949938	5.1421	5.145658	5.145658	5.145658	5.138541	5.1421	5.1421	5.138541	5.1421	5.140831	5.158619	5.163451	5.158619	5.158619	5.158619	5.155061	5.162177	5.155061	5.151504	5.155061	5.23333	5.229772	5.229772	5.229772	5.23333	5.229772	5.227506	5.229772	5.229772	5.223947
5.297038	5.293342	5.293342	5.285949	5.289646	5.293342	5.297038	5.289646	5.289646	5.282252	4.986535	4.993928	4.993928	4.975446	4.990232	4.997624	4.990232	4.986535	4.975446	4.990232	5.28595	5.28595	5.289646	5.285949	5.28595	5.289646	5.289646	5.28595	5.289646	5.28595	5.005018	5.027197	5.008714	4.997625	4.993928	5.0235	5.005018	5.019804	5.012411	5.0235	5.182448	5.178752	5.178752	5.182448	5.178752	5.178752	5.178752	5.178752	5.182448	5.178752	5.234199	5.241591	5.234199	5.241591	5.234199	5.230502	5.237895	5.234199	5.234199	5.230503	5.282253	5.278557	5.27486	5.278557	5.27486	5.278557	5.278557	5.282253	5.278557	5.282253
5.147561	5.140228	5.143894	5.143894	5.140228	5.140228	5.147561	5.143894	5.136562	5.132895	4.883584	4.879917	4.868918	4.883584	4.898249	4.890916	4.861586	4.865252	4.890916	4.883584	5.169559	5.173226	5.169559	5.173226	5.173226	5.173226	5.176892	5.173226	5.173226	5.173226	4.843254	4.857919	4.843254	4.857919	4.84692	4.84692	4.843254	4.84692	4.843254	4.850586	5.096232	5.085233	5.092566	5.085233	5.0889	5.0889	5.0889	5.0889	5.0889	5.085233	5.147562	5.151227	5.147562	5.151227	5.147562	5.147562	5.143895	5.147562	5.151227	5.147562	5.184225	5.184225	5.180559	5.180559	5.184225	5.187891	5.180559	5.184225	5.184225	5.184225
5.136133	5.137298	5.130758	5.130758	5.127488	5.124218	5.134028	5.130758	5.137298	5.124218	4.872421	4.885502	4.878962	4.895312	4.905123	4.905123	4.868047	4.885502	4.890932	4.890932	5.19825	5.201519	5.19825	5.19825	5.201519	5.194981	5.204789	5.19825	5.201519	5.19825	4.826641	4.82337	4.833181	4.833181	4.82337	4.829911	4.81683	4.826641	4.826641	4.8201	5.124218	5.120948	5.124218	5.124218	5.119786	5.124218	5.123055	5.119786	5.123055	5.123055	5.159018	5.155749	5.159018	5.159018	5.159018	5.159018	5.159018	5.155749	5.155749	5.159018	5.211328	5.208058	5.214597	5.214597	5.211328	5.214597	5.208058	5.211328	5.211328	5.214597
5.146287	5.146287	5.136083	5.132682	5.136083	5.136083	5.142886	5.139484	5.136083	5.129281	4.860571	4.894585	4.891184	4.894585	4.887783	4.897987	4.877579	4.894585	4.911592	4.874177	5.207512	5.214315	5.217717	5.217717	5.221118	5.214315	5.221118	5.217717	5.214315	5.214315	4.860571	4.863973	4.857171	4.846966	4.857171	4.863973	4.857171	4.857171	4.870776	4.863973	5.142886	5.136083	5.136083	5.139484	5.139484	5.136083	5.139484	5.136083	5.136083	5.136083	5.156491	5.156491	5.156491	5.159892	5.163294	5.163294	5.156491	5.156491	5.156491	5.159892	5.22792	5.22792	5.231321	5.22792	5.231321	5.22792	5.224518	5.22792	5.231321	5.231321
5.046375	5.046376	5.040353	5.037343	5.043364	5.043364	5.043365	5.025299	5.037343	5.043365	4.751301	4.790443	4.769367	4.742269	4.772378	4.781411	4.751301	4.772378	4.790443	4.74829	5.09154	5.094551	5.106595	5.106595	5.112617	5.094551	5.112617	5.103584	5.112617	5.094551	4.808509	4.799477	4.814531	4.796466	4.799477	4.793455	4.802488	4.802488	4.799477	4.802488	5.052398	5.049387	5.049387	5.052398	5.046376	5.049387	5.055408	5.049387	5.049387	5.049387	5.079496	5.082507	5.085518	5.085518	5.082507	5.082507	5.079496	5.082507	5.079496	5.082507	5.148748	5.145738	5.145738	5.142726	5.142726	5.142726	5.142726	5.142726	5.142726	5.148748
5.103646	5.113461	5.103646	5.113461	5.103646	5.110189	5.110189	5.100374	5.106917	5.110189	4.86155	4.897537	4.881179	4.835377	4.871365	4.884451	4.835377	4.881179	4.897537	4.835378	5.126547	5.139633	5.142905	5.152719	5.15272	5.139633	5.159263	5.15272	5.159263	5.129818	4.949883	4.940068	4.949883	4.933525	4.940068	4.920438	4.943339	4.943339	4.930253	4.933525	5.129818	5.13309	5.129818	5.13309	5.120004	5.126547	5.13309	5.129818	5.13309	5.129818	5.198522	5.198522	5.19525	5.200611	5.19525	5.198522	5.19525	5.19734	5.194069	5.200611	5.220235	5.213694	5.216965	5.216965	5.216965	5.216965	5.214879	5.220235	5.220235	5.216965
5.080711	5.087357	5.084034	5.087357	5.09068	5.084034	5.087357	5.080711	5.080711	5.077388	4.921212	4.937827	4.934504	4.897952	4.914567	4.928996	4.875817	4.922348	4.94229	4.90573	5.068589	5.098502	5.091855	5.098502	5.107295	5.095179	5.103972	5.117263	5.094003	5.075237	4.977701	4.990993	4.974379	4.974379	4.984347	4.981024	4.990993	4.98767	4.984347	4.981024	5.1372	5.1372	5.1372	5.140523	5.133878	5.140523	5.140523	5.133878	5.1372	5.133878	5.193689	5.190367	5.187044	5.190367	5.193689	5.190367	5.187043	5.190367	5.190367	5.193689	5.23024	5.23024	5.23024	5.233564	5.23024	5.226918	5.226918	5.23024	5.23024	5.233564
5.071256	5.065454	5.05675	5.05675	5.05675	5.059651	5.062552	5.048047	5.053849	5.05675	5.004529	4.998727	5.013232	4.978418	4.987122	4.998727	4.961012	4.987122	5.010331	4.992925	5.004529	5.033541	5.019035	5.03064	5.039343	5.039343	5.045145	5.053849	5.036442	4.992925	5.027739	5.03064	5.024837	5.024837	5.03064	5.019035	5.019035	5.024837	5.021936	5.019035	5.137983	5.140884	5.143785	5.140884	5.137983	5.137983	5.140884	5.137983	5.140884	5.137983	5.152489	5.149588	5.152489	5.149588	5.149588	5.152489	5.149588	5.149588	5.146687	5.15539	5.250072	5.247171	5.244271	5.250072	5.250072	5.250072	5.247171	5.247171	5.247171	5.247171
5.09183	5.09824	5.089108	5.089108	5.089108	5.083662	5.097276	5.080938	5.078216	5.07277	5.132674	5.143565	5.149011	5.122751	5.121782	5.124505	5.111857	5.130921	5.139092	5.139092	4.997474	5.032879	5.011091	5.021985	5.027431	5.032879	5.054666	5.046496	5.038325	4.992027	5.120028	5.111857	5.117304	5.127229	5.124506	5.108169	5.102722	5.120028	5.110891	5.110891	5.178964	5.178964	5.178964	5.178964	5.176241	5.176241	5.178964	5.176241	5.181686	5.178964	5.198025	5.198025	5.20347	5.200747	5.198025	5.200747	5.200747	5.198025	5.192578	5.195302	5.301495	5.301495	5.298771	5.301495	5.301495	5.294326	5.299772	5.302496	5.299772	5.299772
5.00767	5.014693	5.018206	5.011182	5.018206	5.014693	5.021718	5.000647	5.00996	5.006449	5.17848	5.189013	5.199545	5.17848	5.171458	5.17848	5.171458	5.189013	5.185502	5.192523	4.912854	4.944459	4.933924	4.937436	4.930412	4.962018	4.972553	4.958506	4.930412	4.916366	5.116532	5.127067	5.11302	5.127067	5.116532	5.11302	5.123555	5.137602	5.127067	5.120044	5.153903	5.157414	5.157414	5.153903	5.153903	5.153903	5.153903	5.153903	5.157414	5.153903	5.206566	5.210077	5.210077	5.206566	5.213588	5.210077	5.206566	5.206566	5.203055	5.203055	5.26274	5.26274	5.26625	5.26625	5.26274	5.26274	5.26274	5.26625	5.26625	5.26625
4.979259	4.970072	4.966611	4.973533	4.949306	4.959689	4.956228	4.96315	4.952766	4.980454	5.236573	5.243495	5.243495	5.240034	5.240034	5.246956	5.243495	5.250417	5.240034	5.243495	4.935461	4.845474	4.893929	4.907773	4.907773	4.914695	4.928539	4.907773	4.925078	4.869701	5.152269	5.152269	5.156969	5.153507	5.150046	5.146585	5.156969	5.156969	5.146585	5.152269	5.152269	5.152269	5.148808	5.148808	5.152269	5.145349	5.152269	5.152269	5.148808	5.145349	5.218013	5.218013	5.218013	5.212345	5.215806	5.214553	5.218013	5.214553	5.218013	5.218013	5.257339	5.257339	5.257339	5.257339	5.253878	5.2608	5.253878	5.257339	5.253878	5.253878
4.973379	4.959819	4.953038	4.956429	4.94064	4.954204	4.953038	4.959819	4.954204	4.971159	5.251373	5.254763	5.256	5.259391	5.259391	5.259391	5.252609	5.249218	5.256	5.245827	4.967768	4.879603	4.927076	4.923685	4.927076	4.946258	4.967768	4.933858	4.946258	4.910121	5.153058	5.159839	5.156448	5.156448	5.159839	5.156448	5.156448	5.156448	5.156448	5.153058	5.163228	5.166618	5.163228	5.163228	5.166618	5.163228	5.163228	5.159839	5.157661	5.157661	5.225481	5.225481	5.228872	5.225481	5.228872	5.225481	5.225481	5.228872	5.228872	5.228872	5.276346	5.272955	5.272955	5.275104	5.272955	5.271713	5.268323	5.271713	5.268323	5.271713
4.95756	4.942732	4.952286	4.965025	4.955471	4.945917	4.952286	4.955471	4.952286	4.952286	5.248468	5.251653	5.244124	5.250492	5.250492	5.250492	5.250492	5.245284	5.245284	5.245284	4.986217	4.938456	4.970296	4.960744	4.960744	4.986217	4.998952	4.960744	4.963928	4.970296	5.151786	5.151786	5.152925	5.14974	5.14974	5.154971	5.146555	5.146555	5.148602	5.148602	5.187957	5.187957	5.187957	5.187957	5.187957	5.187957	5.187957	5.181588	5.187957	5.187957	5.235728	5.232544	5.232544	5.228204	5.231388	5.235728	5.234572	5.234572	5.231388	5.231388	5.291884	5.291884	5.295068	5.291884	5.291884	5.291884	5.291884	5.291884	5.291884	5.295068
5.088176	5.072597	5.109987	5.097524	5.091292	5.088176	5.085061	5.085061	5.106871	5.078829	5.396645	5.399761	5.393529	5.396645	5.399761	5.390413	5.393529	5.396645	5.390413	5.393529	5.122451	5.106871	5.116219	5.113103	5.094408	5.113103	5.128683	5.103755	5.103755	5.125566	5.290706	5.287591	5.287591	5.287591	5.287591	5.281359	5.290706	5.287591	5.281359	5.287591	5.342519	5.346792	5.343676	5.345635	5.34875	5.342519	5.345635	5.339404	5.342519	5.339404	5.379902	5.379902	5.376787	5.376787	5.376787	5.376787	5.379902	5.376787	5.379902	5.379902	5.445321	5.445321	5.445321	5.448436	5.442205	5.448436	5.445321	5.445321	5.445321	5.442205
4.953186	4.942852	4.95663	4.942852	4.963519	4.95663	4.942852	4.939408	4.960075	4.932519	5.256301	5.259746	5.251601	5.259746	5.256301	5.256301	5.251601	5.251601	5.258489	5.252857	4.93134	4.93134	4.941671	4.945115	4.927896	4.93134	4.93134	4.93134	4.945115	4.938227	5.162066	5.16551	5.163301	5.159856	5.163301	5.163301	5.163301	5.168953	5.159856	5.163301	5.214968	5.221857	5.218412	5.218412	5.218412	5.218412	5.218412	5.218412	5.218412	5.218412	5.24127	5.24127	5.249413	5.244714	5.244714	5.244714	5.244714	5.24127	5.244714	5.24127	5.3067	5.313587	5.310143	5.310143	5.3067	5.313587	5.310143	5.3067	5.304524	5.310143
4.919576	4.933318	4.936753	4.929883	4.940189	4.936753	4.923011	4.933318	4.960801	4.912705	5.225331	5.228767	5.225331	5.225331	5.225331	5.225331	5.218461	5.225331	5.221896	5.228767	4.87835	4.868044	4.87835	4.892093	4.874915	4.874915	4.87148	4.885221	4.881786	4.87835	5.156622	5.153187	5.156622	5.153187	5.160058	5.156622	5.153187	5.156622	5.156622	5.156622	5.201283	5.20472	5.20472	5.201283	5.201283	5.20472	5.201283	5.201283	5.20472	5.201283	5.242509	5.245945	5.239074	5.242509	5.239074	5.239074	5.242509	5.235638	5.235638	5.239074	5.307783	5.307783	5.307783	5.307783	5.304347	5.307783	5.300912	5.304347	5.304347	5.307783
4.885625	4.898559	4.882392	4.898559	4.888859	4.895326	4.885625	4.892092	4.902894	4.880255	5.20043	5.205729	5.193962	5.197196	5.20043	5.197196	5.193962	5.193962	5.193962	5.20043	4.841445	4.831743	4.831743	4.841445	4.844679	4.838212	4.834977	4.844679	4.831743	4.834977	5.131361	5.128128	5.131361	5.128128	5.128128	5.128128	5.131361	5.128128	5.128128	5.134594	5.160462	5.160462	5.157228	5.160462	5.157228	5.163695	5.155152	5.157228	5.160462	5.155152	5.20043	5.203664	5.20043	5.20043	5.20043	5.20043	5.20043	5.203664	5.20043	5.203664	5.290985	5.294219	5.290985	5.297452	5.28775	5.290985	5.286564	5.286564	5.289797	5.289797
4.872294	4.875608	4.845778	4.878922	4.868979	4.859035	4.849092	4.849092	4.878922	4.855721	5.200428	5.203743	5.197113	5.197113	5.199232	5.197113	5.193799	5.18717	5.195917	5.200428	4.854604	4.841349	4.841349	4.854604	4.844663	4.847977	4.854604	4.844663	4.847977	4.851291	5.129643	5.132957	5.129643	5.129643	5.130824	5.120881	5.129643	5.132957	5.129643	5.129643	5.144082	5.144082	5.140768	5.147396	5.149525	5.147396	5.144082	5.144082	5.144082	5.140768	5.200428	5.203743	5.200428	5.203743	5.200428	5.197114	5.200428	5.203743	5.203743	5.200428	5.279976	5.286605	5.279976	5.28329	5.28329	5.28329	5.28329	5.286605	5.28329	5.28329
4.868047	4.877854	4.871316	4.887663	4.887663	4.874586	4.871316	4.871316	4.89747	4.871316	5.211327	5.208058	5.19825	5.214596	5.204789	5.19825	5.19825	5.191711	5.19825	5.201519	4.930164	4.920356	4.920356	4.920356	4.917087	4.913817	4.930164	4.904009	4.917087	4.917087	5.155748	5.155748	5.162288	5.15248	5.159018	5.14921	5.159018	5.155748	5.15248	5.155748	5.204789	5.208058	5.204789	5.214597	5.208058	5.204789	5.214597	5.208058	5.211327	5.204789	5.240752	5.240752	5.240752	5.244021	5.244021	5.240752	5.244021	5.237482	5.237482	5.240752	5.289791	5.289791	5.289791	5.29306	5.293061	5.29306	5.293061	5.29306	5.289791	5.289791
4.869489	4.863657	4.857825	4.87532	4.886984	4.8899	4.87532	4.878237	4.892816	4.869489	5.152327	5.14358	5.129001	5.149412	5.134832	5.14358	5.130877	5.126084	5.129001	5.134832	4.935554	4.938469	4.941384	4.947215	4.95013	4.935554	4.953045	4.932638	4.944299	4.941384	5.134831	5.134831	5.139623	5.130877	5.133792	5.130877	5.131916	5.131916	5.129001	5.129001	5.198981	5.201897	5.196065	5.201897	5.201897	5.201897	5.201897	5.198981	5.201897	5.198981	5.207729	5.210644	5.207729	5.207729	5.210644	5.207729	5.207729	5.207729	5.201897	5.207729	5.271877	5.266046	5.271877	5.266046	5.260214	5.268961	5.266046	5.268961	5.268961	5.266046
4.9399	4.936731	4.952575	4.946237	4.949406	4.952575	4.952575	4.946237	4.955743	4.936731	5.098331	5.076151	5.072983	5.098331	5.076151	5.082489	5.066645	5.069814	5.076151	5.079319	4.987429	4.981091	5.000104	4.990598	4.996935	5.000104	5.000104	4.990598	4.993767	4.996935	5.139524	5.139524	5.142693	5.139524	5.142693	5.133186	5.139524	5.139524	5.136355	5.142693	5.177547	5.177547	5.180716	5.177547	5.183885	5.177547	5.174379	5.177548	5.17121	5.174379	5.225077	5.228246	5.228246	5.221909	5.228246	5.225077	5.231415	5.228246	5.228246	5.225077	5.301125	5.301125	5.301125	5.304293	5.297956	5.304293	5.297956	5.297956	5.297956	5.297956
5.031168	5.031168	5.040826	5.047264	5.037607	5.047264	5.044045	5.034388	5.044044	5.021512	5.063358	5.034388	5.021512	5.047264	5.034388	5.040826	5.031169	5.021512	5.02795	5.034388	5.047264	5.037607	5.050483	5.056921	5.047264	5.053701	5.053701	5.050483	5.047264	5.056921	5.14705	5.143831	5.14705	5.14705	5.150269	5.14705	5.143831	5.14705	5.150269	5.143831	5.159926	5.153488	5.153488	5.14705	5.153488	5.150269	5.150269	5.14705	5.14705	5.150269	5.250056	5.250056	5.250056	5.250056	5.250056	5.250056	5.253275	5.250056	5.246837	5.246837	5.314434	5.320872	5.320872	5.317653	5.317653	5.317653	5.311215	5.314434	5.314434	5.314434
5.085108	5.095521	5.098992	5.102463	5.104703	5.097763	5.104703	5.111643	5.104703	5.101233	4.990186	4.958954	4.952013	4.976305	4.958954	4.979775	4.952013	4.952013	4.955483	4.965894	5.05959	5.05959	5.070001	5.066531	5.063061	5.063061	5.066531	5.066531	5.070001	5.063061	5.122055	5.115114	5.118584	5.122055	5.115114	5.115114	5.112875	5.112875	5.112875	5.115114	5.156756	5.158	5.147586	5.154528	5.151057	5.147586	5.154528	5.151057	5.158	5.147586	5.22742	5.22963	5.230892	5.22963	5.230892	5.22742	5.22963	5.22963	5.226161	5.226161	5.319857	5.319857	5.326797	5.323327	5.316387	5.319857	5.316387	5.323327	5.312916	5.319857
5.212139	5.225419	5.21878	5.219982	5.226624	5.21878	5.219982	5.229944	5.226624	5.216661	4.98422	4.951014	4.937731	4.970937	4.964296	4.964296	4.951014	4.946553	4.946553	4.970937	5.140288	5.135784	5.152383	5.149063	5.149063	5.145743	5.149063	5.145743	5.142424	5.149063	5.162343	5.165662	5.162343	5.162343	5.162343	5.159022	5.165662	5.165662	5.159022	5.162343	5.228739	5.232059	5.225419	5.232059	5.225419	5.225419	5.232059	5.228739	5.228739	5.225419	5.266471	5.265257	5.268577	5.265257	5.265257	5.25983	5.266471	5.266471	5.266471	5.25983	5.37605	5.379371	5.382692	5.382692	5.37605	5.379371	5.37273	5.379371	5.378131	5.37605
5.233826	5.240561	5.243929	5.240561	5.247297	5.237193	5.240561	5.247297	5.237193	5.237193	4.950916	4.923973	4.917236	4.930708	4.934076	4.94418	4.930708	4.937444	4.923973	4.937444	5.149626	5.144094	5.150831	5.146258	5.149626	5.144094	5.147462	5.144094	5.144094	5.147462	5.137356	5.137356	5.140725	5.137356	5.140725	5.137356	5.140725	5.144094	5.137356	5.137356	5.204731	5.206882	5.21025	5.213618	5.21025	5.213618	5.213618	5.21025	5.21025	5.21025	5.240561	5.243929	5.243929	5.243929	5.247298	5.237194	5.243929	5.243929	5.243929	5.240561	5.352956	5.356325	5.356325	5.356325	5.356325	5.359694	5.349587	5.356325	5.356325	5.352956
5.222621	5.218971	5.222621	5.226271	5.222621	5.218971	5.218971	5.222621	5.215322	5.215322	4.959847	4.9343	4.93065	4.93795	4.93795	4.948899	4.93795	4.93795	4.93795	4.9343	5.13138	5.13138	5.13138	5.13138	5.13138	5.12773	5.12773	5.12773	5.13138	5.13138	5.13868	5.13503	5.13503	5.13868	5.13868	5.13138	5.13503	5.13503	5.13868	5.13868	5.200723	5.208022	5.204373	5.208022	5.204373	5.208022	5.208022	5.208022	5.211672	5.204373	5.244518	5.244518	5.244518	5.240869	5.251818	5.240869	5.244518	5.240869	5.240869	5.240869	5.350358	5.354007	5.350358	5.350358	5.350358	5.354007	5.346708	5.350358	5.350358	5.350358
5.229929	5.223552	5.229929	5.233119	5.229929	5.22674	5.22674	5.229929	5.233119	5.229929	4.952488	4.958866	4.965244	4.965244	4.955677	4.962055	4.962055	4.955677	4.971622	4.955677	5.121503	5.127882	5.127882	5.124692	5.127882	5.121503	5.124692	5.121503	5.124692	5.127882	5.172527	5.172527	5.172527	5.172527	5.172527	5.178905	5.172527	5.178905	5.175716	5.175716	5.213984	5.217173	5.210795	5.217173	5.213984	5.217173	5.217173	5.207606	5.210795	5.210795	5.265007	5.268197	5.261819	5.268197	5.265007	5.265007	5.261819	5.265007	5.261819	5.265007	5.360677	5.360677	5.357488	5.357488	5.363866	5.357488	5.357488	5.360677	5.357488	5.354299
5.296836	5.293291	5.289746	5.296836	5.296836	5.296836	5.289746	5.289746	5.293291	5.296836	4.988386	4.97775	4.991932	4.977751	4.984841	4.981296	4.981296	4.981296	4.981296	4.988387	5.211748	5.215293	5.211748	5.211748	5.211748	5.215293	5.215293	5.215293	5.215293	5.215293	5.264928	5.261383	5.261383	5.261383	5.268475	5.264928	5.261383	5.268475	5.261383	5.264928	5.289746	5.296837	5.289746	5.296837	5.293292	5.296837	5.293292	5.293292	5.289746	5.286201	5.350018	5.353564	5.350018	5.350019	5.357109	5.357109	5.353564	5.350019	5.346472	5.353563	5.428017	5.435108	5.428017	5.428017	5.435108	5.428017	5.431562	5.435108	5.428017	5.424472
5.192136	5.188543	5.184949	5.192136	5.181356	5.188543	5.184949	5.184949	5.188543	5.192136	4.840005	4.829225	4.832818	4.832818	4.840005	4.832818	4.840005	4.840005	4.836412	4.847192	5.134645	5.134645	5.134645	5.134645	5.134645	5.131052	5.134645	5.131052	5.138238	5.131052	5.159797	5.159797	5.156204	5.163391	5.156204	5.159797	5.159797	5.159797	5.156204	5.156204	5.210102	5.210102	5.202915	5.210102	5.213695	5.206509	5.206509	5.210102	5.206509	5.210102	5.278372	5.285558	5.281965	5.281965	5.281965	5.278372	5.278372	5.281965	5.281965	5.281965	5.346642	5.350235	5.346642	5.350235	5.350235	5.34305	5.350235	5.350235	5.346642	5.339457
5.209031	5.199253	5.202512	5.209031	5.205772	5.205772	5.195992	5.205772	5.205772	5.209031	4.858081	4.853722	4.8483	4.861342	4.853722	4.858081	4.845039	4.861342	4.851561	4.851561	5.151523	5.154783	5.151523	5.148262	5.148262	5.151523	5.151523	5.148262	5.151523	5.154783	5.161304	5.154783	5.161304	5.160136	5.158043	5.163396	5.163396	5.160136	5.160136	5.160136	5.218811	5.218811	5.212292	5.218811	5.218811	5.215551	5.218811	5.215551	5.222071	5.218811	5.290525	5.297044	5.290525	5.293785	5.293785	5.290525	5.287265	5.290525	5.290525	5.293785	5.375278	5.378537	5.372018	5.375278	5.378537	5.375278	5.378537	5.378537	5.375278	5.368758
5.162337	5.156818	5.150095	5.16018	5.156818	5.156818	5.143371	5.156818	5.146733	5.153456	4.887884	4.884522	4.894607	4.90133	4.90133	4.897969	4.877799	4.894607	4.894607	4.887884	5.136648	5.129925	5.133286	5.133286	5.133286	5.133286	5.136648	5.129925	5.133286	5.14001	5.197159	5.193797	5.193797	5.193797	5.20052	5.197159	5.193797	5.193797	5.20052	5.193797	5.210606	5.213967	5.210606	5.213967	5.213967	5.213967	5.210606	5.210606	5.217329	5.217329	5.254307	5.250946	5.250946	5.250946	5.250946	5.254307	5.250946	5.250946	5.254307	5.247584	5.37869	5.37869	5.371966	5.37869	5.37869	5.375328	5.375328	5.37869	5.375328	5.371966
5.113013	5.122746	5.106524	5.122746	5.106524	5.109769	5.096792	5.106524	5.103281	5.119502	4.979998	4.976753	4.979998	4.986485	4.996219	4.986485	4.976753	4.979998	4.98973	4.976753	5.158433	5.155189	5.155189	5.155189	5.155189	5.155189	5.155189	5.151945	5.155189	5.151945	5.213587	5.210342	5.213587	5.213587	5.213587	5.210342	5.213587	5.207098	5.207098	5.203854	5.233053	5.233053	5.226564	5.233053	5.233053	5.233053	5.233053	5.22332	5.229808	5.226564	5.294694	5.297938	5.294694	5.29145	5.29145	5.294694	5.294694	5.29145	5.294694	5.294694	5.405	5.411489	5.401756	5.405	5.408244	5.408244	5.408244	5.414733	5.411489	5.401756
5.040666	5.043912	5.027683	5.043912	5.024437	5.03742	5.027683	5.017945	5.021191	5.040666	5.040666	5.047158	5.043912	5.053649	5.043912	5.047158	5.050403	5.040666	5.043912	5.047158	5.157514	5.151021	5.154267	5.160759	5.157514	5.157514	5.157514	5.154267	5.154267	5.157514	5.154267	5.151022	5.154267	5.154267	5.154267	5.151022	5.154267	5.154268	5.147776	5.151022	5.258132	5.254886	5.248395	5.251641	5.251641	5.261378	5.258132	5.254886	5.261378	5.248395	5.31331	5.31331	5.306818	5.31331	5.310064	5.31331	5.31331	5.310064	5.310064	5.31331	5.446386	5.446386	5.439895	5.443141	5.446386	5.439895	5.443141	5.446386	5.443141	5.439895
4.993351	4.974171	4.972078	4.978473	4.962486	4.96888	4.95609	4.959288	4.975276	5.000855	5.125556	5.115964	5.115964	5.125556	5.122359	5.122359	5.115964	5.115964	5.115964	5.119162	5.157532	5.157532	5.157532	5.163927	5.160729	5.160729	5.163927	5.160729	5.163927	5.160729	5.211889	5.208691	5.205494	5.205494	5.208691	5.211889	5.202297	5.211889	5.215086	5.208691	5.263049	5.269443	5.263049	5.266246	5.259851	5.263049	5.259851	5.263049	5.259851	5.259851	5.355775	5.355775	5.355775	5.358973	5.355775	5.352578	5.355775	5.355775	5.352578	5.355775	5.464489	5.470884	5.461292	5.461292	5.470884	5.464489	5.467688	5.470884	5.464489	5.464489
5.027811	5.029479	5.03061	5.031353	5.029524	5.031147	5.026114	5.030518	5.030056	5.028422	5.030873	5.023629	5.027851	5.026183	5.029582	5.023943	5.026902	5.026148	5.027845	5.027434	5.022949	5.017733	5.024606	5.022926	5.019733	5.02059	5.023452	5.022909	5.020675	5.0236	5.023115	5.022509	5.020413	5.021778	5.023709	5.022978	5.01903	5.021858	5.02436	5.017939	5.023229	5.017488	5.018916	5.017831	5.020161	5.016374	5.019076	5.01638	5.016214	5.018887	5.015511	5.020287	5.010855	5.016402	5.013335	5.019796	5.017933	5.018116	5.016397	5.011392	5.032935	5.033752	5.035569	5.028108	5.033415	5.03001	5.032798	5.030404	5.032592	5.032324
74.068877	74.095325	74.169909	74.191151	74.273079	74.265579	74.262532	74.324476	74.37552	74.328687	74.445373	74.579238	74.577405	74.562135	74.5655	74.683611	74.596282	74.675008	74.660389	74.729615	74.731341	74.890885	74.805909	74.856806	74.865385	74.867766	74.963829	74.966282	74.945694	74.960885	75.06348	75.064496	75.146516	75.07446	75.125262	75.073405	75.126821	75.155861	75.165389	75.18502	75.261885	75.345417	75.272845	75.383984	75.36198	75.365813	75.423595	75.364448	75.43702	75.380607	75.47627	75.544286	75.580806	75.549639	75.560456	75.563079	75.562425	75.571659	75.675048	75.560476	75.662337	75.745333	75.655425	75.741552	75.761683	75.767575	75.766389	75.766187	75.847258	75.864353
29.52	29.52	29.52	29.52	29.52	29.52	29.52	29.52	29.52	29.52	29.52	29.52	29.52	29.52	29.52	29.52	29.52	29.52	29.52	29.52	29.52	29.52	29.52	29.52	29.52	29.52	29.52	29.52	29.52	29.52	29.52	29.52	29.52	29.52	29.52	29.52	29.52	29.52	29.52	29.52	29.52	29.52	29.52	29.52	29.52	29.52	29.52	29.52	29.52	29.52	29.52	29.52	29.52	29.52	29.52	29.52	29.52	29.52	29.52	29.52	29.52	29.52	29.52	29.52	29.52	29.52	29.52	29.52	29.52	29.52
527268100	527270500	527272900	527275300	527277700	527280100	527282500	527284900	527287300	527289700	527303400	527305900	527308300	527310700	527313100	527315500	527317900	527320300	527322700	527325100	527338800	527341300	527343700	527346100	527348700	527351100	527353500	527355900	527358300	527360700	527374400	527376900	527379300	527381700	527384100	527386500	527388900	527391300	527393700	527396100	527409800	527412300	527414700	527417100	527419500	527421900	527424300	527426700	527429100	527431500	527445200	527447700	527450100	527452500	527454900	527457300	527459700	527462100	527464500	527466900	527480600	527483100	527485500	527487900	527490300	527492700	527495100	527497500	527499900	527502300
