0	1	2	3	4	5	6	7	8	9	0	1	2	3	4	5	6	7	8	9	0	1	2	3	4	5	6	7	8	9	0	1	2	3	4	5	6	7	8	9	0	1	2	3	4	5	6	7	8	9	0	1	2	3	4	5	6	7	8	9	0	1	2	3	4	5	6	7	8	9
0	0	0	0	0	0	0	0	0	0	1	1	1	1	1	1	1	1	1	1	2	2	2	2	2	2	2	2	2	2	3	3	3	3	3	3	3	3	3	3	4	4	4	4	4	4	4	4	4	4	5	5	5	5	5	5	5	5	5	5	6	6	6	6	6	6	6	6	6	6
8	8	8	8	8	8	8	8	8	8	8	8	8	8	8	8	8	8	8	8	8	8	8	8	8	8	8	8	8	8	8	8	8	8	8	8	8	8	8	8	8	8	8	8	8	8	8	8	8	8	8	8	8	8	8	8	8	8	8	8	8	8	8	8	8	8	8	8	8	8
0.499598	0.499598	0.499598	0.499598	0.499598	0.499598	0.499598	0.499598	0.499598	0.499598	4.441265	4.441265	4.441265	4.441265	4.441265	4.441265	4.441265	4.441265	4.441265	4.441265	8.382932	8.382932	8.382932	8.382932	8.382932	8.382932	8.382932	8.382932	8.382932	8.382932	12.324598	12.324598	12.324598	12.324598	12.324598	12.324598	12.324598	12.324598	12.324598	12.324598	16.266265	16.266265	16.266265	16.266265	16.266265	16.266265	16.266265	16.266265	16.266265	16.266265	20.207932	20.207932	20.207932	20.207932	20.207932	20.207932	20.207932	20.207932	20.207932	20.207932	24.149598	24.149598	24.149598	24.149598	24.149598	24.149598	24.149598	24.149598	24.149598	24.149598
0.937787	0.937787	0.937787	0.937787	0.937787	0.937787	0.937787	0.937787	0.937787	0.937787	4.879454	4.879454	4.879454	4.879454	4.879454	4.879454	4.879454	4.879454	4.879454	4.879454	8.821121	8.821121	8.821121	8.821121	8.821121	8.821121	8.821121	8.821121	8.821121	8.821121	12.762787	12.762787	12.762787	12.762787	12.762787	12.762787	12.762787	12.762787	12.762787	12.762787	16.704454	16.704454	16.704454	16.704454	16.704454	16.704454	16.704454	16.704454	16.704454	16.704454	20.646121	20.646121	20.646121	20.646121	20.646121	20.646121	20.646121	20.646121	20.646121	20.646121	24.587787	24.587787	24.587787	24.587787	24.587787	24.587787	24.587787	24.587787	24.587787	24.587787
1.342906	1.342906	1.342906	1.342906	1.342906	1.342906	1.342906	1.342906	1.342906	1.342906	5.284572	5.284572	5.284572	5.284572	5.284572	5.284572	5.284572	5.284572	5.284572	5.284572	9.226239	9.226239	9.226239	9.226239	9.226239	9.226239	9.226239	9.226239	9.226239	9.226239	13.167906	13.167906	13.167906	13.167906	13.167906	13.167906	13.167906	13.167906	13.167906	13.167906	17.109572	17.109572	17.109572	17.109572	17.109572	17.109572	17.109572	17.109572	17.109572	17.109572	21.051239	21.051239	21.051239	21.051239	21.051239	21.051239	21.051239	21.051239	21.051239	21.051239	24.992906	24.992906	24.992906	24.992906	24.992906	24.992906	24.992906	24.992906	24.992906	24.992906
1.748024	1.748024	1.748024	1.748024	1.748024	1.748024	1.748024	1.748024	1.748024	1.748024	5.68969	5.68969	5.68969	5.68969	5.68969	5.68969	5.68969	5.68969	5.68969	5.68969	9.631357	9.631357	9.631357	9.631357	9.631357	9.631357	9.631357	9.631357	9.631357	9.631357	13.573024	13.573024	13.573024	13.573024	13.573024	13.573024	13.573024	13.573024	13.573024	13.573024	17.51469	17.51469	17.51469	17.51469	17.51469	17.51469	17.51469	17.51469	17.51469	17.51469	21.456357	21.456357	21.456357	21.456357	21.456357	21.456357	21.456357	21.456357	21.456357	21.456357	25.398024	25.398024	25.398024	25.398024	25.398024	25.398024	25.398024	25.398024	25.398024	25.398024
2.152748	2.152748	2.152748	2.152748	2.152748	2.152748	2.152748	2.152748	2.152748	2.152748	6.094415	6.094415	6.094415	6.094415	6.094415	6.094415	6.094415	6.094415	6.094415	6.094415	10.036081	10.036081	10.036081	10.036081	10.036081	10.036081	10.036081	10.036081	10.036081	10.036081	13.977748	13.977748	13.977748	13.977748	13.977748	13.977748	13.977748	13.977748	13.977748	13.977748	17.919415	17.919415	17.919415	17.919415	17.919415	17.919415	17.919415	17.919415	17.919415	17.919415	21.861081	21.861081	21.861081	21.861081	21.861081	21.861081	21.861081	21.861081	21.861081	21.861081	25.802748	25.802748	25.802748	25.802748	25.802748	25.802748	25.802748	25.802748	25.802748	25.802748
2.557866	2.557866	2.557866	2.557866	2.557866	2.557866	2.557866	2.557866	2.557866	2.557866	6.499533	6.499533	6.499533	6.499533	6.499533	6.499533	6.499533	6.499533	6.499533	6.499533	10.441199	10.441199	10.441199	10.441199	10.441199	10.441199	10.441199	10.441199	10.441199	10.441199	14.382866	14.382866	14.382866	14.382866	14.382866	14.382866	14.382866	14.382866	14.382866	14.382866	18.324533	18.324533	18.324533	18.324533	18.324533	18.324533	18.324533	18.324533	18.324533	18.324533	22.266199	22.266199	22.266199	22.266199	22.266199	22.266199	22.266199	22.266199	22.266199	22.266199	26.207866	26.207866	26.207866	26.207866	26.207866	26.207866	26.207866	26.207866	26.207866	26.207866
2.962984	2.962984	2.962984	2.962984	2.962984	2.962984	2.962984	2.962984	2.962984	2.962984	6.904651	6.904651	6.904651	6.904651	6.904651	6.904651	6.904651	6.904651	6.904651	6.904651	10.846318	10.846318	10.846318	10.846318	10.846318	10.846318	10.846318	10.846318	10.846318	10.846318	14.787984	14.787984	14.787984	14.787984	14.787984	14.787984	14.787984	14.787984	14.787984	14.787984	18.729651	18.729651	18.729651	18.729651	18.729651	18.729651	18.729651	18.729651	18.729651	18.729651	22.671318	22.671318	22.671318	22.671318	22.671318	22.671318	22.671318	22.671318	22.671318	22.671318	26.612984	26.612984	26.612984	26.612984	26.612984	26.612984	26.612984	26.612984	26.612984	26.612984
3.368102	3.368102	3.368102	3.368102	3.368102	3.368102	3.368102	3.368102	3.368102	3.368102	7.309769	7.309769	7.309769	7.309769	7.309769	7.309769	7.309769	7.309769	7.309769	7.309769	11.251436	11.251436	11.251436	11.251436	11.251436	11.251436	11.251436	11.251436	11.251436	11.251436	15.193102	15.193102	15.193102	15.193102	15.193102	15.193102	15.193102	15.193102	15.193102	15.193102	19.134769	19.134769	19.134769	19.134769	19.134769	19.134769	19.134769	19.134769	19.134769	19.134769	23.076436	23.076436	23.076436	23.076436	23.076436	23.076436	23.076436	23.076436	23.076436	23.076436	27.018102	27.018102	27.018102	27.018102	27.018102	27.018102	27.018102	27.018102	27.018102	27.018102
3.772827	3.772827	3.772827	3.772827	3.772827	3.772827	3.772827	3.772827	3.772827	3.772827	7.714493	7.714493	7.714493	7.714493	7.714493	7.714493	7.714493	7.714493	7.714493	7.714493	11.65616	11.65616	11.65616	11.65616	11.65616	11.65616	11.65616	11.65616	11.65616	11.65616	15.597827	15.597827	15.597827	15.597827	15.597827	15.597827	15.597827	15.597827	15.597827	15.597827	19.539493	19.539493	19.539493	19.539493	19.539493	19.539493	19.539493	19.539493	19.539493	19.539493	23.48116	23.48116	23.48116	23.48116	23.48116	23.48116	23.48116	23.48116	23.48116	23.48116	27.422827	27.422827	27.422827	27.422827	27.422827	27.422827	27.422827	27.422827	27.422827	27.422827
4.069677	4.069677	4.069677	4.069677	4.069677	4.069677	4.069677	4.069677	4.069677	4.069677	8.011344	8.011344	8.011344	8.011344	8.011344	8.011344	8.011344	8.011344	8.011344	8.011344	11.953011	11.953011	11.953011	11.953011	11.953011	11.953011	11.953011	11.953011	11.953011	11.953011	15.894677	15.894677	15.894677	15.894677	15.894677	15.894677	15.894677	15.894677	15.894677	15.894677	19.836344	19.836344	19.836344	19.836344	19.836344	19.836344	19.836344	19.836344	19.836344	19.836344	23.778011	23.778011	23.778011	23.778011	23.778011	23.778011	23.778011	23.778011	23.778011	23.778011	27.719677	27.719677	27.719677	27.719677	27.719677	27.719677	27.719677	27.719677	27.719677	27.719677
4.366528	4.366528	4.366528	4.366528	4.366528	4.366528	4.366528	4.366528	4.366528	4.366528	8.308194	8.308194	8.308194	8.308194	8.308194	8.308194	8.308194	8.308194	8.308194	8.308194	12.249861	12.249861	12.249861	12.249861	12.249861	12.249861	12.249861	12.249861	12.249861	12.249861	16.191528	16.191528	16.191528	16.191528	16.191528	16.191528	16.191528	16.191528	16.191528	16.191528	20.133194	20.133194	20.133194	20.133194	20.133194	20.133194	20.133194	20.133194	20.133194	20.133194	24.074861	24.074861	24.074861	24.074861	24.074861	24.074861	24.074861	24.074861	24.074861	24.074861	28.016528	28.016528	28.016528	28.016528	28.016528	28.016528	28.016528	28.016528	28.016528	28.016528
4.663378	4.663378	4.663378	4.663378	4.663378	4.663378	4.663378	4.663378	4.663378	4.663378	8.605045	8.605045	8.605045	8.605045	8.605045	8.605045	8.605045	8.605045	8.605045	8.605045	12.546711	12.546711	12.546711	12.546711	12.546711	12.546711	12.546711	12.546711	12.546711	12.546711	16.488378	16.488378	16.488378	16.488378	16.488378	16.488378	16.488378	16.488378	16.488378	16.488378	20.430045	20.430045	20.430045	20.430045	20.430045	20.430045	20.430045	20.430045	20.430045	20.430045	24.371711	24.371711	24.371711	24.371711	24.371711	24.371711	24.371711	24.371711	24.371711	24.371711	28.313378	28.313378	28.313378	28.313378	28.313378	28.313378	28.313378	28.313378	28.313378	28.313378
4.960622	4.960622	4.960622	4.960622	4.960622	4.960622	4.960622	4.960622	4.960622	4.960622	8.902289	8.902289	8.902289	8.902289	8.902289	8.902289	8.902289	8.902289	8.902289	8.902289	12.843955	12.843955	12.843955	12.843955	12.843955	12.843955	12.843955	12.843955	12.843955	12.843955	16.785622	16.785622	16.785622	16.785622	16.785622	16.785622	16.785622	16.785622	16.785622	16.785622	20.727289	20.727289	20.727289	20.727289	20.727289	20.727289	20.727289	20.727289	20.727289	20.727289	24.668955	24.668955	24.668955	24.668955	24.668955	24.668955	24.668955	24.668955	24.668955	24.668955	28.610622	28.610622	28.610622	28.610622	28.610622	28.610622	28.610622	28.610622	28.610622	28.610622
5.257472	5.257472	5.257472	5.257472	5.257472	5.257472	5.257472	5.257472	5.257472	5.257472	9.199139	9.199139	9.199139	9.199139	9.199139	9.199139	9.199139	9.199139	9.199139	9.199139	13.140806	13.140806	13.140806	13.140806	13.140806	13.140806	13.140806	13.140806	13.140806	13.140806	17.082472	17.082472	17.082472	17.082472	17.082472	17.082472	17.082472	17.082472	17.082472	17.082472	21.024139	21.024139	21.024139	21.024139	21.024139	21.024139	21.024139	21.024139	21.024139	21.024139	24.965806	24.965806	24.965806	24.965806	24.965806	24.965806	24.965806	24.965806	24.965806	24.965806	28.907472	28.907472	28.907472	28.907472	28.907472	28.907472	28.907472	28.907472	28.907472	28.907472
5.554323	5.554323	5.554323	5.554323	5.554323	5.554323	5.554323	5.554323	5.554323	5.554323	9.495989	9.495989	9.495989	9.495989	9.495989	9.495989	9.495989	9.495989	9.495989	9.495989	13.437656	13.437656	13.437656	13.437656	13.437656	13.437656	13.437656	13.437656	13.437656	13.437656	17.379323	17.379323	17.379323	17.379323	17.379323	17.379323	17.379323	17.379323	17.379323	17.379323	21.320989	21.320989	21.320989	21.320989	21.320989	21.320989	21.320989	21.320989	21.320989	21.320989	25.262656	25.262656	25.262656	25.262656	25.262656	25.262656	25.262656	25.262656	25.262656	25.262656	29.204323	29.204323	29.204323	29.204323	29.204323	29.204323	29.204323	29.204323	29.204323	29.204323
5.851173	5.851173	5.851173	5.851173	5.851173	5.851173	5.851173	5.851173	5.851173	5.851173	9.79284	9.79284	9.79284	9.79284	9.79284	9.79284	9.79284	9.79284	9.79284	9.79284	13.734507	13.734507	13.734507	13.734507	13.734507	13.734507	13.734507	13.734507	13.734507	13.734507	17.676173	17.676173	17.676173	17.676173	17.676173	17.676173	17.676173	17.676173	17.676173	17.676173	21.61784	21.61784	21.61784	21.61784	21.61784	21.61784	21.61784	21.61784	21.61784	21.61784	25.559507	25.559507	25.559507	25.559507	25.559507	25.559507	25.559507	25.559507	25.559507	25.559507	29.501173	29.501173	29.501173	29.501173	29.501173	29.501173	29.501173	29.501173	29.501173	29.501173
6.148024	6.148024	6.148024	6.148024	6.148024	6.148024	6.148024	6.148024	6.148024	6.148024	10.08969	10.08969	10.08969	10.08969	10.08969	10.08969	10.08969	10.08969	10.08969	10.08969	14.031357	14.031357	14.031357	14.031357	14.031357	14.031357	14.031357	14.031357	14.031357	14.031357	17.973024	17.973024	17.973024	17.973024	17.973024	17.973024	17.973024	17.973024	17.973024	17.973024	21.91469	21.91469	21.91469	21.91469	21.91469	21.91469	21.91469	21.91469	21.91469	21.91469	25.856357	25.856357	25.856357	25.856357	25.856357	25.856357	25.856357	25.856357	25.856357	25.856357	29.798024	29.798024	29.798024	29.798024	29.798024	29.798024	29.798024	29.798024	29.798024	29.798024
6.444874	6.444874	6.444874	6.444874	6.444874	6.444874	6.444874	6.444874	6.444874	6.444874	10.386541	10.386541	10.386541	10.386541	10.386541	10.386541	10.386541	10.386541	10.386541	10.386541	14.328207	14.328207	14.328207	14.328207	14.328207	14.328207	14.328207	14.328207	14.328207	14.328207	18.269874	18.269874	18.269874	18.269874	18.269874	18.269874	18.269874	18.269874	18.269874	18.269874	22.211541	22.211541	22.211541	22.211541	22.211541	22.211541	22.211541	22.211541	22.211541	22.211541	26.153207	26.153207	26.153207	26.153207	26.153207	26.153207	26.153207	26.153207	26.153207	26.153207	30.094874	30.094874	30.094874	30.094874	30.094874	30.094874	30.094874	30.094874	30.094874	30.094874
6.741724	6.741724	6.741724	6.741724	6.741724	6.741724	6.741724	6.741724	6.741724	6.741724	10.683391	10.683391	10.683391	10.683391	10.683391	10.683391	10.683391	10.683391	10.683391	10.683391	14.625058	14.625058	14.625058	14.625058	14.625058	14.625058	14.625058	14.625058	14.625058	14.625058	18.566724	18.566724	18.566724	18.566724	18.566724	18.566724	18.566724	18.566724	18.566724	18.566724	22.508391	22.508391	22.508391	22.508391	22.508391	22.508391	22.508391	22.508391	22.508391	22.508391	26.450058	26.450058	26.450058	26.450058	26.450058	26.450058	26.450058	26.450058	26.450058	26.450058	30.391724	30.391724	30.391724	30.391724	30.391724	30.391724	30.391724	30.391724	30.391724	30.391724
7.038575	7.038575	7.038575	7.038575	7.038575	7.038575	7.038575	7.038575	7.038575	7.038575	10.980241	10.980241	10.980241	10.980241	10.980241	10.980241	10.980241	10.980241	10.980241	10.980241	14.921908	14.921908	14.921908	14.921908	14.921908	14.921908	14.921908	14.921908	14.921908	14.921908	18.863575	18.863575	18.863575	18.863575	18.863575	18.863575	18.863575	18.863575	18.863575	18.863575	22.805241	22.805241	22.805241	22.805241	22.805241	22.805241	22.805241	22.805241	22.805241	22.805241	26.746908	26.746908	26.746908	26.746908	26.746908	26.746908	26.746908	26.746908	26.746908	26.746908	30.688575	30.688575	30.688575	30.688575	30.688575	30.688575	30.688575	30.688575	30.688575	30.688575
7.335425	7.335425	7.335425	7.335425	7.335425	7.335425	7.335425	7.335425	7.335425	7.335425	11.277092	11.277092	11.277092	11.277092	11.277092	11.277092	11.277092	11.277092	11.277092	11.277092	15.218759	15.218759	15.218759	15.218759	15.218759	15.218759	15.218759	15.218759	15.218759	15.218759	19.160425	19.160425	19.160425	19.160425	19.160425	19.160425	19.160425	19.160425	19.160425	19.160425	23.102092	23.102092	23.102092	23.102092	23.102092	23.102092	23.102092	23.102092	23.102092	23.102092	27.043759	27.043759	27.043759	27.043759	27.043759	27.043759	27.043759	27.043759	27.043759	27.043759	30.985425	30.985425	30.985425	30.985425	30.985425	30.985425	30.985425	30.985425	30.985425	30.985425
7.632276	7.632276	7.632276	7.632276	7.632276	7.632276	7.632276	7.632276	7.632276	7.632276	11.573942	11.573942	11.573942	11.573942	11.573942	11.573942	11.573942	11.573942	11.573942	11.573942	15.515609	15.515609	15.515609	15.515609	15.515609	15.515609	15.515609	15.515609	15.515609	15.515609	19.457276	19.457276	19.457276	19.457276	19.457276	19.457276	19.457276	19.457276	19.457276	19.457276	23.398942	23.398942	23.398942	23.398942	23.398942	23.398942	23.398942	23.398942	23.398942	23.398942	27.340609	27.340609	27.340609	27.340609	27.340609	27.340609	27.340609	27.340609	27.340609	27.340609	31.282276	31.282276	31.282276	31.282276	31.282276	31.282276	31.282276	31.282276	31.282276	31.282276
7.929126	7.929126	7.929126	7.929126	7.929126	7.929126	7.929126	7.929126	7.929126	7.929126	11.870793	11.870793	11.870793	11.870793	11.870793	11.870793	11.870793	11.870793	11.870793	11.870793	15.812459	15.812459	15.812459	15.812459	15.812459	15.812459	15.812459	15.812459	15.812459	15.812459	19.754126	19.754126	19.754126	19.754126	19.754126	19.754126	19.754126	19.754126	19.754126	19.754126	23.695793	23.695793	23.695793	23.695793	23.695793	23.695793	23.695793	23.695793	23.695793	23.695793	27.637459	27.637459	27.637459	27.637459	27.637459	27.637459	27.637459	27.637459	27.637459	27.637459	31.579126	31.579126	31.579126	31.579126	31.579126	31.579126	31.579126	31.579126	31.579126	31.579126
8.225976	8.225976	8.225976	8.225976	8.225976	8.225976	8.225976	8.225976	8.225976	8.225976	12.167643	12.167643	12.167643	12.167643	12.167643	12.167643	12.167643	12.167643	12.167643	12.167643	16.10931	16.10931	16.10931	16.10931	16.10931	16.10931	16.10931	16.10931	16.10931	16.10931	20.050976	20.050976	20.050976	20.050976	20.050976	20.050976	20.050976	20.050976	20.050976	20.050976	23.992643	23.992643	23.992643	23.992643	23.992643	23.992643	23.992643	23.992643	23.992643	23.992643	27.93431	27.93431	27.93431	27.93431	27.93431	27.93431	27.93431	27.93431	27.93431	27.93431	31.875976	31.875976	31.875976	31.875976	31.875976	31.875976	31.875976	31.875976	31.875976	31.875976
8.522827	8.522827	8.522827	8.522827	8.522827	8.522827	8.522827	8.522827	8.522827	8.522827	12.464493	12.464493	12.464493	12.464493	12.464493	12.464493	12.464493	12.464493	12.464493	12.464493	16.40616	16.40616	16.40616	16.40616	16.40616	16.40616	16.40616	16.40616	16.40616	16.40616	20.347827	20.347827	20.347827	20.347827	20.347827	20.347827	20.347827	20.347827	20.347827	20.347827	24.289493	24.289493	24.289493	24.289493	24.289493	24.289493	24.289493	24.289493	24.289493	24.289493	28.23116	28.23116	28.23116	28.23116	28.23116	28.23116	28.23116	28.23116	28.23116	28.23116	32.172827	32.172827	32.172827	32.172827	32.172827	32.172827	32.172827	32.172827	32.172827	32.172827
8.819677	8.819677	8.819677	8.819677	8.819677	8.819677	8.819677	8.819677	8.819677	8.819677	12.761344	12.761344	12.761344	12.761344	12.761344	12.761344	12.761344	12.761344	12.761344	12.761344	16.703011	16.703011	16.703011	16.703011	16.703011	16.703011	16.703011	16.703011	16.703011	16.703011	20.644677	20.644677	20.644677	20.644677	20.644677	20.644677	20.644677	20.644677	20.644677	20.644677	24.586344	24.586344	24.586344	24.586344	24.586344	24.586344	24.586344	24.586344	24.586344	24.586344	28.528011	28.528011	28.528011	28.528011	28.528011	28.528011	28.528011	28.528011	28.528011	28.528011	32.469677	32.469677	32.469677	32.469677	32.469677	32.469677	32.469677	32.469677	32.469677	32.469677
9.116528	9.116528	9.116528	9.116528	9.116528	9.116528	9.116528	9.116528	9.116528	9.116528	13.058194	13.058194	13.058194	13.058194	13.058194	13.058194	13.058194	13.058194	13.058194	13.058194	16.999861	16.999861	16.999861	16.999861	16.999861	16.999861	16.999861	16.999861	16.999861	16.999861	20.941528	20.941528	20.941528	20.941528	20.941528	20.941528	20.941528	20.941528	20.941528	20.941528	24.883194	24.883194	24.883194	24.883194	24.883194	24.883194	24.883194	24.883194	24.883194	24.883194	28.824861	28.824861	28.824861	28.824861	28.824861	28.824861	28.824861	28.824861	28.824861	28.824861	32.766528	32.766528	32.766528	32.766528	32.766528	32.766528	32.766528	32.766528	32.766528	32.766528
9.413378	9.413378	9.413378	9.413378	9.413378	9.413378	9.413378	9.413378	9.413378	9.413378	13.355045	13.355045	13.355045	13.355045	13.355045	13.355045	13.355045	13.355045	13.355045	13.355045	17.296711	17.296711	17.296711	17.296711	17.296711	17.296711	17.296711	17.296711	17.296711	17.296711	21.238378	21.238378	21.238378	21.238378	21.238378	21.238378	21.238378	21.238378	21.238378	21.238378	25.180045	25.180045	25.180045	25.180045	25.180045	25.180045	25.180045	25.180045	25.180045	25.180045	29.121711	29.121711	29.121711	29.121711	29.121711	29.121711	29.121711	29.121711	29.121711	29.121711	33.063378	33.063378	33.063378	33.063378	33.063378	33.063378	33.063378	33.063378	33.063378	33.063378
9.710622	9.710622	9.710622	9.710622	9.710622	9.710622	9.710622	9.710622	9.710622	9.710622	13.652289	13.652289	13.652289	13.652289	13.652289	13.652289	13.652289	13.652289	13.652289	13.652289	17.593955	17.593955	17.593955	17.593955	17.593955	17.593955	17.593955	17.593955	17.593955	17.593955	21.535622	21.535622	21.535622	21.535622	21.535622	21.535622	21.535622	21.535622	21.535622	21.535622	25.477289	25.477289	25.477289	25.477289	25.477289	25.477289	25.477289	25.477289	25.477289	25.477289	29.418955	29.418955	29.418955	29.418955	29.418955	29.418955	29.418955	29.418955	29.418955	29.418955	33.360622	33.360622	33.360622	33.360622	33.360622	33.360622	33.360622	33.360622	33.360622	33.360622
10.007472	10.007472	10.007472	10.007472	10.007472	10.007472	10.007472	10.007472	10.007472	10.007472	13.949139	13.949139	13.949139	13.949139	13.949139	13.949139	13.949139	13.949139	13.949139	13.949139	17.890806	17.890806	17.890806	17.890806	17.890806	17.890806	17.890806	17.890806	17.890806	17.890806	21.832472	21.832472	21.832472	21.832472	21.832472	21.832472	21.832472	21.832472	21.832472	21.832472	25.774139	25.774139	25.774139	25.774139	25.774139	25.774139	25.774139	25.774139	25.774139	25.774139	29.715806	29.715806	29.715806	29.715806	29.715806	29.715806	29.715806	29.715806	29.715806	29.715806	33.657472	33.657472	33.657472	33.657472	33.657472	33.657472	33.657472	33.657472	33.657472	33.657472
10.304323	10.304323	10.304323	10.304323	10.304323	10.304323	10.304323	10.304323	10.304323	10.304323	14.245989	14.245989	14.245989	14.245989	14.245989	14.245989	14.245989	14.245989	14.245989	14.245989	18.187656	18.187656	18.187656	18.187656	18.187656	18.187656	18.187656	18.187656	18.187656	18.187656	22.129323	22.129323	22.129323	22.129323	22.129323	22.129323	22.129323	22.129323	22.129323	22.129323	26.070989	26.070989	26.070989	26.070989	26.070989	26.070989	26.070989	26.070989	26.070989	26.070989	30.012656	30.012656	30.012656	30.012656	30.012656	30.012656	30.012656	30.012656	30.012656	30.012656	33.954323	33.954323	33.954323	33.954323	33.954323	33.954323	33.954323	33.954323	33.954323	33.954323
10.601173	10.601173	10.601173	10.601173	10.601173	10.601173	10.601173	10.601173	10.601173	10.601173	14.54284	14.54284	14.54284	14.54284	14.54284	14.54284	14.54284	14.54284	14.54284	14.54284	18.484507	18.484507	18.484507	18.484507	18.484507	18.484507	18.484507	18.484507	18.484507	18.484507	22.426173	22.426173	22.426173	22.426173	22.426173	22.426173	22.426173	22.426173	22.426173	22.426173	26.36784	26.36784	26.36784	26.36784	26.36784	26.36784	26.36784	26.36784	26.36784	26.36784	30.309507	30.309507	30.309507	30.309507	30.309507	30.309507	30.309507	30.309507	30.309507	30.309507	34.251173	34.251173	34.251173	34.251173	34.251173	34.251173	34.251173	34.251173	34.251173	34.251173
11.005898	11.005898	11.005898	11.005898	11.005898	11.005898	11.005898	11.005898	11.005898	11.005898	14.947564	14.947564	14.947564	14.947564	14.947564	14.947564	14.947564	14.947564	14.947564	14.947564	18.889231	18.889231	18.889231	18.889231	18.889231	18.889231	18.889231	18.889231	18.889231	18.889231	22.830898	22.830898	22.830898	22.830898	22.830898	22.830898	22.830898	22.830898	22.830898	22.830898	26.772564	26.772564	26.772564	26.772564	26.772564	26.772564	26.772564	26.772564	26.772564	26.772564	30.714231	30.714231	30.714231	30.714231	30.714231	30.714231	30.714231	30.714231	30.714231	30.714231	34.655898	34.655898	34.655898	34.655898	34.655898	34.655898	34.655898	34.655898	34.655898	34.655898
11.411016	11.411016	11.411016	11.411016	11.411016	11.411016	11.411016	11.411016	11.411016	11.411016	15.352682	15.352682	15.352682	15.352682	15.352682	15.352682	15.352682	15.352682	15.352682	15.352682	19.294349	19.294349	19.294349	19.294349	19.294349	19.294349	19.294349	19.294349	19.294349	19.294349	23.236016	23.236016	23.236016	23.236016	23.236016	23.236016	23.236016	23.236016	23.236016	23.236016	27.177682	27.177682	27.177682	27.177682	27.177682	27.177682	27.177682	27.177682	27.177682	27.177682	31.119349	31.119349	31.119349	31.119349	31.119349	31.119349	31.119349	31.119349	31.119349	31.119349	35.061016	35.061016	35.061016	35.061016	35.061016	35.061016	35.061016	35.061016	35.061016	35.061016
11.816134	11.816134	11.816134	11.816134	11.816134	11.816134	11.816134	11.816134	11.816134	11.816134	15.757801	15.757801	15.757801	15.757801	15.757801	15.757801	15.757801	15.757801	15.757801	15.757801	19.699467	19.699467	19.699467	19.699467	19.699467	19.699467	19.699467	19.699467	19.699467	19.699467	23.641134	23.641134	23.641134	23.641134	23.641134	23.641134	23.641134	23.641134	23.641134	23.641134	27.582801	27.582801	27.582801	27.582801	27.582801	27.582801	27.582801	27.582801	27.582801	27.582801	31.524467	31.524467	31.524467	31.524467	31.524467	31.524467	31.524467	31.524467	31.524467	31.524467	35.466134	35.466134	35.466134	35.466134	35.466134	35.466134	35.466134	35.466134	35.466134	35.466134
12.221252	12.221252	12.221252	12.221252	12.221252	12.221252	12.221252	12.221252	12.221252	12.221252	16.162919	16.162919	16.162919	16.162919	16.162919	16.162919	16.162919	16.162919	16.162919	16.162919	20.104585	20.104585	20.104585	20.104585	20.104585	20.104585	20.104585	20.104585	20.104585	20.104585	24.046252	24.046252	24.046252	24.046252	24.046252	24.046252	24.046252	24.046252	24.046252	24.046252	27.987919	27.987919	27.987919	27.987919	27.987919	27.987919	27.987919	27.987919	27.987919	27.987919	31.929585	31.929585	31.929585	31.929585	31.929585	31.929585	31.929585	31.929585	31.929585	31.929585	35.871252	35.871252	35.871252	35.871252	35.871252	35.871252	35.871252	35.871252	35.871252	35.871252
12.625976	12.625976	12.625976	12.625976	12.625976	12.625976	12.625976	12.625976	12.625976	12.625976	16.567643	16.567643	16.567643	16.567643	16.567643	16.567643	16.567643	16.567643	16.567643	16.567643	20.50931	20.50931	20.50931	20.50931	20.50931	20.50931	20.50931	20.50931	20.50931	20.50931	24.450976	24.450976	24.450976	24.450976	24.450976	24.450976	24.450976	24.450976	24.450976	24.450976	28.392643	28.392643	28.392643	28.392643	28.392643	28.392643	28.392643	28.392643	28.392643	28.392643	32.33431	32.33431	32.33431	32.33431	32.33431	32.33431	32.33431	32.33431	32.33431	32.33431	36.275976	36.275976	36.275976	36.275976	36.275976	36.275976	36.275976	36.275976	36.275976	36.275976
13.031094	13.031094	13.031094	13.031094	13.031094	13.031094	13.031094	13.031094	13.031094	13.031094	16.972761	16.972761	16.972761	16.972761	16.972761	16.972761	16.972761	16.972761	16.972761	16.972761	20.914428	20.914428	20.914428	20.914428	20.914428	20.914428	20.914428	20.914428	20.914428	20.914428	24.856094	24.856094	24.856094	24.856094	24.856094	24.856094	24.856094	24.856094	24.856094	24.856094	28.797761	28.797761	28.797761	28.797761	28.797761	28.797761	28.797761	28.797761	28.797761	28.797761	32.739428	32.739428	32.739428	32.739428	32.739428	32.739428	32.739428	32.739428	32.739428	32.739428	36.681094	36.681094	36.681094	36.681094	36.681094	36.681094	36.681094	36.681094	36.681094	36.681094
13.436213	13.436213	13.436213	13.436213	13.436213	13.436213	13.436213	13.436213	13.436213	13.436213	17.377879	17.377879	17.377879	17.377879	17.377879	17.377879	17.377879	17.377879	17.377879	17.377879	21.319546	21.319546	21.319546	21.319546	21.319546	21.319546	21.319546	21.319546	21.319546	21.319546	25.261213	25.261213	25.261213	25.261213	25.261213	25.261213	25.261213	25.261213	25.261213	25.261213	29.202879	29.202879	29.202879	29.202879	29.202879	29.202879	29.202879	29.202879	29.202879	29.202879	33.144546	33.144546	33.144546	33.144546	33.144546	33.144546	33.144546	33.144546	33.144546	33.144546	37.086213	37.086213	37.086213	37.086213	37.086213	37.086213	37.086213	37.086213	37.086213	37.086213
13.874402	13.874402	13.874402	13.874402	13.874402	13.874402	13.874402	13.874402	13.874402	13.874402	17.816068	17.816068	17.816068	17.816068	17.816068	17.816068	17.816068	17.816068	17.816068	17.816068	21.757735	21.757735	21.757735	21.757735	21.757735	21.757735	21.757735	21.757735	21.757735	21.757735	25.699402	25.699402	25.699402	25.699402	25.699402	25.699402	25.699402	25.699402	25.699402	25.699402	29.641068	29.641068	29.641068	29.641068	29.641068	29.641068	29.641068	29.641068	29.641068	29.641068	33.582735	33.582735	33.582735	33.582735	33.582735	33.582735	33.582735	33.582735	33.582735	33.582735	37.524402	37.524402	37.524402	37.524402	37.524402	37.524402	37.524402	37.524402	37.524402	37.524402
13	13	13	13	13	13	13	13	13	13	13	13	13	13	13	13	13	13	13	13	13	13	13	13	13	13	13	13	13	13	13	13	13	13	13	13	13	13	13	13	13	13	13	13	13	13	13	13	13	13	13	13	13	13	13	13	13	13	13	13	13	13	13	13	13	13	13	13	13	13
13	13	13	13	13	13	13	13	13	13	13	13	13	13	13	13	13	13	13	13	13	13	13	13	13	13	13	13	13	13	13	13	13	13	13	13	13	13	13	13	13	13	13	13	13	13	13	13	13	13	13	13	13	13	13	13	13	13	13	13	13	13	13	13	13	13	13	13	13	13
13	13	13	13	13	13	13	13	13	13	13	13	13	13	13	13	13	13	13	13	13	13	13	13	13	13	13	13	13	13	13	13	13	13	13	13	13	13	13	13	13	13	13	13	13	13	13	13	13	13	13	13	13	13	13	13	13	13	13	13	13	13	13	13	13	13	13	13	13	13
13	13	13	13	13	13	13	13	13	13	13	13	13	13	13	13	13	13	13	13	13	13	13	13	13	13	13	13	13	13	13	13	13	13	13	13	13	13	13	13	13	13	13	13	13	13	13	13	13	13	13	13	13	13	13	13	13	13	13	13	13	13	13	13	13	13	13	13	13	13
13	13	13	13	13	13	13	13	13	13	13	13	13	13	13	13	13	13	13	13	13	13	13	13	13	13	13	13	13	13	13	13	13	13	13	13	13	13	13	13	13	13	13	13	13	13	13	13	13	13	13	13	13	13	13	13	13	13	13	13	13	13	13	13	13	13	13	13	13	13
13	13	13	13	13	13	13	13	13	13	13	13	13	13	13	13	13	13	13	13	13	13	13	13	13	13	13	13	13	13	13	13	13	13	13	13	13	13	13	13	13	13	13	13	13	13	13	13	13	13	13	13	13	13	13	13	13	13	13	13	13	13	13	13	13	13	13	13	13	13
13	13	13	13	13	13	13	13	13	13	13	13	13	13	13	13	13	13	13	13	13	13	13	13	13	13	13	13	13	13	13	13	13	13	13	13	13	13	13	13	13	13	13	13	13	13	13	13	13	13	13	13	13	13	13	13	13	13	13	13	13	13	13	13	13	13	13	13	13	13
13	13	13	13	13	13	13	13	13	13	13	13	13	13	13	13	13	13	13	13	13	13	13	13	13	13	13	13	13	13	13	13	13	13	13	13	13	13	13	13	13	13	13	13	13	13	13	13	13	13	13	13	13	13	13	13	13	13	13	13	13	13	13	13	13	13	13	13	13	13
13	13	13	13	13	13	13	13	13	13	13	13	13	13	13	13	13	13	13	13	13	13	13	13	13	13	13	13	13	13	13	13	13	13	13	13	13	13	13	13	13	13	13	13	13	13	13	13	13	13	13	13	13	13	13	13	13	13	13	13	13	13	13	13	13	13	13	13	13	13
13	13	13	13	13	13	13	13	13	13	13	13	13	13	13	13	13	13	13	13	13	13	13	13	13	13	13	13	13	13	13	13	13	13	13	13	13	13	13	13	13	13	13	13	13	13	13	13	13	13	13	13	13	13	13	13	13	13	13	13	13	13	13	13	13	13	13	13	13	13
13	13	13	13	13	13	13	13	13	13	13	13	13	13	13	13	13	13	13	13	13	13	13	13	13	13	13	13	13	13	13	13	13	13	13	13	13	13	13	13	13	13	13	13	13	13	13	13	13	13	13	13	13	13	13	13	13	13	13	13	13	13	13	13	13	13	13	13	13	13
13	13	13	13	13	13	13	13	13	13	13	13	13	13	13	13	13	13	13	13	13	13	13	13	13	13	13	13	13	13	13	13	13	13	13	13	13	13	13	13	13	13	13	13	13	13	13	13	13	13	13	13	13	13	13	13	13	13	13	13	13	13	13	13	13	13	13	13	13	13
13	13	13	13	13	13	13	13	13	13	13	13	13	13	13	13	13	13	13	13	13	13	13	13	13	13	13	13	13	13	13	13	13	13	13	13	13	13	13	13	13	13	13	13	13	13	13	13	13	13	13	13	13	13	13	13	13	13	13	13	13	13	13	13	13	13	13	13	13	13
13	13	13	13	13	13	13	13	13	13	13	13	13	13	13	13	13	13	13	13	13	13	13	13	13	13	13	13	13	13	13	13	13	13	13	13	13	13	13	13	13	13	13	13	13	13	13	13	13	13	13	13	13	13	13	13	13	13	13	13	13	13	13	13	13	13	13	13	13	13
13	13	13	13	13	13	13	13	13	13	13	13	13	13	13	13	13	13	13	13	13	13	13	13	13	13	13	13	13	13	13	13	13	13	13	13	13	13	13	13	13	13	13	13	13	13	13	13	13	13	13	13	13	13	13	13	13	13	13	13	13	13	13	13	13	13	13	13	13	13
13	13	13	13	13	13	13	13	13	13	13	13	13	13	13	13	13	13	13	13	13	13	13	13	13	13	13	13	13	13	13	13	13	13	13	13	13	13	13	13	13	13	13	13	13	13	13	13	13	13	13	13	13	13	13	13	13	13	13	13	13	13	13	13	13	13	13	13	13	13
13	13	13	13	13	13	13	13	13	13	13	13	13	13	13	13	13	13	13	13	13	13	13	13	13	13	13	13	13	13	13	13	13	13	13	13	13	13	13	13	13	13	13	13	13	13	13	13	13	13	13	13	13	13	13	13	13	13	13	13	13	13	13	13	13	13	13	13	13	13
13	13	13	13	13	13	13	13	13	13	13	13	13	13	13	13	13	13	13	13	13	13	13	13	13	13	13	13	13	13	13	13	13	13	13	13	13	13	13	13	13	13	13	13	13	13	13	13	13	13	13	13	13	13	13	13	13	13	13	13	13	13	13	13	13	13	13	13	13	13
13	13	13	13	13	13	13	13	13	13	13	13	13	13	13	13	13	13	13	13	13	13	13	13	13	13	13	13	13	13	13	13	13	13	13	13	13	13	13	13	13	13	13	13	13	13	13	13	13	13	13	13	13	13	13	13	13	13	13	13	13	13	13	13	13	13	13	13	13	13
13	13	13	13	13	13	13	13	13	13	13	13	13	13	13	13	13	13	13	13	13	13	13	13	13	13	13	13	13	13	13	13	13	13	13	13	13	13	13	13	13	13	13	13	13	13	13	13	13	13	13	13	13	13	13	13	13	13	13	13	13	13	13	13	13	13	13	13	13	13
13	13	13	13	13	13	13	13	13	13	13	13	13	13	13	13	13	13	13	13	13	13	13	13	13	13	13	13	13	13	13	13	13	13	13	13	13	13	13	13	13	13	13	13	13	13	13	13	13	13	13	13	13	13	13	13	13	13	13	13	13	13	13	13	13	13	13	13	13	13
13	13	13	13	13	13	13	13	13	13	13	13	13	13	13	13	13	13	13	13	13	13	13	13	13	13	13	13	13	13	13	13	13	13	13	13	13	13	13	13	13	13	13	13	13	13	13	13	13	13	13	13	13	13	13	13	13	13	13	13	13	13	13	13	13	13	13	13	13	13
13	13	13	13	13	13	13	13	13	13	13	13	13	13	13	13	13	13	13	13	13	13	13	13	13	13	13	13	13	13	13	13	13	13	13	13	13	13	13	13	13	13	13	13	13	13	13	13	13	13	13	13	13	13	13	13	13	13	13	13	13	13	13	13	13	13	13	13	13	13
13	13	13	13	13	13	13	13	13	13	13	13	13	13	13	13	13	13	13	13	13	13	13	13	13	13	13	13	13	13	13	13	13	13	13	13	13	13	13	13	13	13	13	13	13	13	13	13	13	13	13	13	13	13	13	13	13	13	13	13	13	13	13	13	13	13	13	13	13	13
13	13	13	13	13	13	13	13	13	13	13	13	13	13	13	13	13	13	13	13	13	13	13	13	13	13	13	13	13	13	13	13	13	13	13	13	13	13	13	13	13	13	13	13	13	13	13	13	13	13	13	13	13	13	13	13	13	13	13	13	13	13	13	13	13	13	13	13	13	13
13	13	13	13	13	13	13	13	13	13	13	13	13	13	13	13	13	13	13	13	13	13	13	13	13	13	13	13	13	13	13	13	13	13	13	13	13	13	13	13	13	13	13	13	13	13	13	13	13	13	13	13	13	13	13	13	13	13	13	13	13	13	13	13	13	13	13	13	13	13
13	13	13	13	13	13	13	13	13	13	13	13	13	13	13	13	13	13	13	13	13	13	13	13	13	13	13	13	13	13	13	13	13	13	13	13	13	13	13	13	13	13	13	13	13	13	13	13	13	13	13	13	13	13	13	13	13	13	13	13	13	13	13	13	13	13	13	13	13	13
13	13	13	13	13	13	13	13	13	13	13	13	13	13	13	13	13	13	13	13	13	13	13	13	13	13	13	13	13	13	13	13	13	13	13	13	13	13	13	13	13	13	13	13	13	13	13	13	13	13	13	13	13	13	13	13	13	13	13	13	13	13	13	13	13	13	13	13	13	13
13	13	13	13	13	13	13	13	13	13	13	13	13	13	13	13	13	13	13	13	13	13	13	13	13	13	13	13	13	13	13	13	13	13	13	13	13	13	13	13	13	13	13	13	13	13	13	13	13	13	13	13	13	13	13	13	13	13	13	13	13	13	13	13	13	13	13	13	13	13
13	13	13	13	13	13	13	13	13	13	13	13	13	13	13	13	13	13	13	13	13	13	13	13	13	13	13	13	13	13	13	13	13	13	13	13	13	13	13	13	13	13	13	13	13	13	13	13	13	13	13	13	13	13	13	13	13	13	13	13	13	13	13	13	13	13	13	13	13	13
13	13	13	13	13	13	13	13	13	13	13	13	13	13	13	13	13	13	13	13	13	13	13	13	13	13	13	13	13	13	13	13	13	13	13	13	13	13	13	13	13	13	13	13	13	13	13	13	13	13	13	13	13	13	13	13	13	13	13	13	13	13	13	13	13	13	13	13	13	13
13	13	13	13	13	13	13	13	13	13	13	13	13	13	13	13	13	13	13	13	13	13	13	13	13	13	13	13	13	13	13	13	13	13	13	13	13	13	13	13	13	13	13	13	13	13	13	13	13	13	13	13	13	13	13	13	13	13	13	13	13	13	13	13	13	13	13	13	13	13
13	13	13	13	13	13	13	13	13	13	13	13	13	13	13	13	13	13	13	13	13	13	13	13	13	13	13	13	13	13	13	13	13	13	13	13	13	13	13	13	13	13	13	13	13	13	13	13	13	13	13	13	13	13	13	13	13	13	13	13	13	13	13	13	13	13	13	13	13	13
13	13	13	13	13	13	13	13	13	13	13	13	13	13	13	13	13	13	13	13	13	13	13	13	13	13	13	13	13	13	13	13	13	13	13	13	13	13	13	13	13	13	13	13	13	13	13	13	13	13	13	13	13	13	13	13	13	13	13	13	13	13	13	13	13	13	13	13	13	13
13	13	13	13	13	13	13	13	13	13	13	13	13	13	13	13	13	13	13	13	13	13	13	13	13	13	13	13	13	13	13	13	13	13	13	13	13	13	13	13	13	13	13	13	13	13	13	13	13	13	13	13	13	13	13	13	13	13	13	13	13	13	13	13	13	13	13	13	13	13
13	13	13	13	13	13	13	13	13	13	13	13	13	13	13	13	13	13	13	13	13	13	13	13	13	13	13	13	13	13	13	13	13	13	13	13	13	13	13	13	13	13	13	13	13	13	13	13	13	13	13	13	13	13	13	13	13	13	13	13	13	13	13	13	13	13	13	13	13	13
13	13	13	13	13	13	13	13	13	13	13	13	13	13	13	13	13	13	13	13	13	13	13	13	13	13	13	13	13	13	13	13	13	13	13	13	13	13	13	13	13	13	13	13	13	13	13	13	13	13	13	13	13	13	13	13	13	13	13	13	13	13	13	13	13	13	13	13	13	13
13	13	13	13	13	13	13	13	13	13	13	13	13	13	13	13	13	13	13	13	13	13	13	13	13	13	13	13	13	13	13	13	13	13	13	13	13	13	13	13	13	13	13	13	13	13	13	13	13	13	13	13	13	13	13	13	13	13	13	13	13	13	13	13	13	13	13	13	13	13
13	13	13	13	13	13	13	13	13	13	13	13	13	13	13	13	13	13	13	13	13	13	13	13	13	13	13	13	13	13	13	13	13	13	13	13	13	13	13	13	13	13	13	13	13	13	13	13	13	13	13	13	13	13	13	13	13	13	13	13	13	13	13	13	13	13	13	13	13	13
13	13	13	13	13	13	13	13	13	13	13	13	13	13	13	13	13	13	13	13	13	13	13	13	13	13	13	13	13	13	13	13	13	13	13	13	13	13	13	13	13	13	13	13	13	13	13	13	13	13	13	13	13	13	13	13	13	13	13	13	13	13	13	13	13	13	13	13	13	13
5.361529	5.35101	5.358023	5.354516	5.358023	5.354516	5.354516	5.358023	5.35101	5.358023	5.2388	5.22828	5.231787	5.22828	5.235293	5.231787	5.224773	5.22828	5.235293	5.22828	5.179188	5.175682	5.175682	5.175682	5.172175	5.175682	5.175682	5.175682	5.175682	5.175682	5.059965	5.052952	5.059965	5.056458	5.052952	5.056458	5.059965	5.059965	5.059965	5.056458	5.049446	5.049446	5.049446	5.049446	5.049446	5.045939	5.052952	5.049446	5.049446	5.045939	5.059966	5.049446	5.052952	5.049446	5.049446	5.049446	5.052952	5.049446	5.052952	5.052952	5.052952	5.056458	5.059965	5.052952	5.063472	5.059966	5.049445	5.052952	5.056459	5.052952
5.348015	5.341648	5.344831	5.341648	5.348015	5.344831	5.341648	5.344831	5.338465	5.344831	5.214314	5.217498	5.220681	5.220681	5.223865	5.217497	5.21113	5.214314	5.217497	5.214314	5.166563	5.166563	5.16338	5.166563	5.16338	5.166563	5.166563	5.16338	5.16338	5.160197	5.045596	5.042413	5.042413	5.03923	5.045596	5.03923	5.045596	5.03923	5.042413	5.042413	5.051963	5.045597	5.04878	5.04878	5.04878	5.051963	5.05833	5.051963	5.048781	5.051963	5.039231	5.032864	5.032864	5.02968	5.032864	5.02968	5.02968	5.02968	5.032864	5.02968	5.055148	5.051964	5.055148	5.051964	5.051964	5.055148	5.051964	5.055148	5.051964	5.051964
5.335713	5.332389	5.329065	5.322416	5.332389	5.332389	5.332389	5.335713	5.325741	5.329065	5.192762	5.192762	5.192762	5.192763	5.196087	5.189438	5.189438	5.192762	5.199412	5.192762	5.172816	5.17614	5.172816	5.17614	5.172816	5.169491	5.169491	5.169491	5.172815	5.169491	5.076407	5.076407	5.073083	5.073083	5.076407	5.073083	5.079731	5.076407	5.076407	5.076407	5.043163	5.039839	5.036514	5.036514	5.043163	5.039839	5.043163	5.039839	5.043163	5.043163	5.023216	5.019892	5.019892	5.009919	5.016567	5.013243	5.016567	5.019892	5.019892	5.016567	5.069758	5.073083	5.069758	5.073083	5.066434	5.076407	5.066434	5.069758	5.069758	5.066434
5.272554	5.266175	5.268197	5.262985	5.271386	5.269364	5.265008	5.268197	5.261819	5.265008	5.13426	5.13426	5.137448	5.13426	5.131071	5.131071	5.127882	5.127882	5.132207	5.132207	5.138587	5.141777	5.138587	5.144966	5.138587	5.141777	5.138587	5.141777	5.141777	5.137448	5.00989	5.00989	5.006701	5.00989	5.003511	5.006701	5.006701	5.003511	5.006701	5.006701	5.00462	5.001431	5.001431	5.00462	5.001431	5.00462	5.00462	5.00462	4.99824	5.001431	5.000322	4.993944	4.990755	4.987566	4.990755	4.990755	4.990755	4.987566	4.993944	4.984377	5.017379	5.025834	5.019456	5.016267	5.017379	5.020569	5.01419	5.017379	5.020569	5.023759
5.281231	5.269187	5.272198	5.269187	5.27822	5.27822	5.272198	5.27822	5.269187	5.272198	5.15477	5.148748	5.151759	5.15477	5.151759	5.151759	5.148748	5.151759	5.148748	5.151759	5.160792	5.163803	5.157782	5.163803	5.160792	5.163803	5.160792	5.157782	5.157782	5.163803	5.010244	5.010244	5.010244	5.010244	5.013255	5.010244	5.010244	5.007234	5.013255	5.013255	5.013255	5.013255	5.019277	5.016266	5.010244	5.016266	5.019277	5.010244	5.013255	5.016266	5.076485	5.070464	5.067452	5.067452	5.064441	5.067452	5.070464	5.06143	5.067452	5.064441	5.031321	5.037343	5.037343	5.034331	5.037343	5.034331	5.031321	5.034331	5.037343	5.037343
5.21683	5.206154	5.211984	5.204869	5.213271	5.215542	5.211984	5.208426	5.208426	5.211984	5.092281	5.094582	5.099398	5.09584	5.09584	5.09584	5.092281	5.09584	5.092281	5.099398	5.099398	5.099398	5.102956	5.099398	5.102956	5.106515	5.099398	5.098138	5.098138	5.101695	4.970061	4.970061	4.962946	4.962946	4.966504	4.966504	4.964173	4.962946	4.966504	4.967731	4.953497	4.957056	4.953497	4.953497	4.953497	4.957056	4.957056	4.957056	4.953497	4.953497	5.041216	5.041216	5.035344	5.034101	5.030543	5.030543	5.030543	5.030543	5.030543	5.030543	4.987851	4.985524	4.985524	4.981965	4.987851	4.985524	4.985524	4.985524	4.989082	4.989082
5.241591	5.234199	5.234199	5.230502	5.234199	5.234199	5.230502	5.237895	5.231845	5.231845	5.135713	5.135713	5.143107	5.143107	5.13941	5.141787	5.135713	5.13941	5.13941	5.13941	5.13809	5.13809	5.134394	5.141787	5.145483	5.145483	5.141787	5.141787	5.130697	5.139409	5.039579	5.046973	5.039579	5.039579	5.046973	5.043276	5.043276	5.039579	5.043276	5.043276	5.045679	5.045679	5.046973	5.045679	5.045679	5.041983	5.045679	5.045679	5.045679	5.041983	5.090036	5.083948	5.080251	5.080251	5.076554	5.076554	5.082644	5.076554	5.080251	5.076554	5.043277	5.054368	5.049375	5.045678	5.046974	5.045678	5.045678	5.045678	5.049375	5.045678
5.136563	5.12923	5.12923	5.121898	5.12923	5.132896	5.125564	5.12923	5.125564	5.12923	5.063235	5.063235	5.070567	5.066901	5.066901	5.070567	5.063235	5.063235	5.066901	5.070567	5.011906	5.004573	5.004573	5.008239	5.011906	5.011906	5.008239	5.011906	5.008239	5.011906	4.978909	4.982575	4.978909	4.978909	4.975243	4.978909	4.978909	4.975243	4.982575	4.978909	4.942245	4.942245	4.945912	4.949578	4.942245	4.942245	4.949578	4.945912	4.942246	4.942246	5.000907	4.993575	4.989908	4.989908	4.989908	4.986241	4.989908	4.986241	4.993575	4.989908	4.982575	4.986241	4.989908	4.982575	4.986241	4.986241	4.982575	4.986241	4.986241	4.989908
5.156919	5.153649	5.153649	5.150379	5.153649	5.150379	5.150379	5.153649	5.150379	5.150379	5.127488	5.134028	5.130758	5.130758	5.130758	5.130758	5.130758	5.127488	5.127488	5.130758	5.006495	5.003225	5.006495	5.006495	5.006495	5.009765	5.013035	5.006495	5.003225	5.003225	5.006495	5.006495	5.006495	5.003225	5.006495	5.009765	5.009765	5.009765	5.006495	5.009765	4.950904	4.957444	4.950904	4.950904	4.950904	4.950904	4.954174	4.954174	4.954174	4.950904	5.052276	5.045736	5.042466	5.039196	5.042466	5.039196	5.042466	5.035926	5.045736	5.042466	5.035926	5.045736	5.045736	5.039196	5.049006	5.045736	5.042466	5.042466	5.039196	5.039196
5.173498	5.167916	5.164514	5.161111	5.167916	5.164514	5.164514	5.167916	5.161111	5.164514	5.142886	5.146287	5.146287	5.146287	5.146287	5.146287	5.139485	5.142886	5.142886	5.146287	5.023838	5.020436	5.01822	5.01822	5.020436	5.025024	5.021622	5.021622	5.021622	5.021622	4.984198	4.9876	4.984198	4.983021	4.984198	4.980796	4.986422	4.989823	4.989823	4.986422	4.996626	5.003429	4.996626	4.996626	5.003429	5.003429	5.003429	5.003429	5.003429	4.997807	5.035231	5.03064	5.028426	5.025024	5.031828	5.028426	5.031828	5.028426	5.031828	5.025024	5.069253	5.071456	5.068055	5.064654	5.071456	5.068055	5.068055	5.068055	5.071456	5.071456
5.09154	5.09154	5.082507	5.082507	5.09154	5.088529	5.088529	5.088529	5.082507	5.085518	5.043365	5.043365	5.049387	5.040354	5.046376	5.046376	5.040354	5.040354	5.040354	5.043365	4.931959	4.925937	4.928948	4.931959	4.931959	4.928948	4.928948	4.925937	4.931959	4.931959	4.898838	4.892817	4.892817	4.892817	4.892817	4.892817	4.889805	4.892817	4.895827	4.895827	4.922926	4.919915	4.916904	4.922926	4.919915	4.919915	4.922926	4.919915	4.922926	4.922926	4.940991	4.931959	4.928948	4.928948	4.928948	4.925938	4.925938	4.922926	4.928948	4.922926	4.974113	4.977124	4.974113	4.977124	4.977124	4.977124	4.974113	4.974113	4.977124	4.974113
5.178892	5.172349	5.172349	5.165805	5.17562	5.172349	5.169077	5.172349	5.165805	5.172349	5.123275	5.126547	5.126547	5.126547	5.120003	5.123275	5.123275	5.116732	5.120003	5.123275	4.998956	5.002227	4.992413	4.998956	4.995684	4.995684	4.995684	4.992413	4.998956	4.998956	5.002228	5.002228	5.002228	5.002228	5.002228	4.998956	4.995684	5.002228	4.998956	5.002228	4.995684	4.995684	4.995684	4.995684	4.998956	4.995684	4.998956	4.992412	4.995684	4.995684	5.012041	5.005498	5.005498	5.005498	5.005498	5.005498	5.005498	5.005498	5.005498	5.002226	5.0513	5.057843	5.054572	5.0513	5.054572	5.054572	5.0513	5.0513	5.054572	5.057843
5.173752	5.170429	5.170429	5.163783	5.170429	5.170429	5.167106	5.170429	5.167106	5.167106	5.121768	5.127231	5.128415	5.131739	5.128415	5.128415	5.121768	5.121768	5.121768	5.121768	5.002116	4.997638	5.000961	5.002116	4.997638	5.000961	5.000961	4.994315	5.000961	5.000961	5.01093	5.014253	5.01093	5.014253	5.014253	5.008763	5.01093	5.012087	5.008763	5.012087	4.992145	4.992145	4.992145	4.995468	4.988822	4.992145	4.995468	4.992145	4.992145	4.995468	5.024221	5.022058	5.017576	5.01541	5.017576	5.024221	5.017576	5.020899	5.017576	5.01093	5.064096	5.068589	5.070742	5.065265	5.065265	5.061942	5.061942	5.061942	5.061942	5.065265
5.155391	5.146687	5.146687	5.140885	5.149588	5.146687	5.146687	5.152489	5.146687	5.143786	5.123478	5.126379	5.12928	5.126379	5.123478	5.123478	5.123478	5.117675	5.123478	5.123478	5.024837	5.019035	5.019035	5.019035	5.019035	5.024837	5.019035	5.016134	5.019035	5.021936	4.995826	4.995826	4.992925	4.995826	4.995826	4.992925	4.995826	4.992925	4.998727	4.998727	4.978419	4.98132	4.98132	4.98132	4.975518	4.98132	4.98132	4.98132	4.972617	4.978419	5.036443	5.033542	5.03064	5.027739	5.03064	5.03064	5.03064	5.027739	5.03064	5.027739	5.082861	5.088664	5.082861	5.077059	5.085762	5.082861	5.07996	5.082861	5.088664	5.085762
5.185389	5.179943	5.177219	5.171772	5.177219	5.177219	5.174495	5.179942	5.174495	5.179942	5.179942	5.179942	5.188112	5.185389	5.182666	5.182666	5.179942	5.177219	5.185389	5.179942	5.081899	5.076452	5.076452	5.079176	5.076453	5.079176	5.076452	5.073729	5.071006	5.076453	5.043772	5.043772	5.043772	5.041048	5.043772	5.046494	5.043772	5.041048	5.049219	5.046494	5.01926	5.01926	5.01926	5.01926	5.016538	5.01926	5.01926	5.021985	5.01926	5.016538	5.089108	5.084623	5.08094	5.08094	5.08094	5.08094	5.08094	5.075494	5.083663	5.08094	5.154458	5.159904	5.154458	5.154458	5.159904	5.152709	5.154458	5.151735	5.157181	5.155432
5.141114	5.134091	5.134091	5.130579	5.134091	5.130579	5.130579	5.141114	5.130579	5.130579	5.151649	5.151649	5.158673	5.155161	5.158673	5.155161	5.155161	5.151649	5.155161	5.148138	5.018205	5.014693	5.014693	5.011182	5.011182	5.014693	5.014693	5.011182	5.011182	5.018205	5.014693	5.018205	5.014693	5.014693	5.014693	5.014693	5.018205	5.014693	5.018205	5.021717	5.00767	5.00767	5.00767	5.004159	5.00767	5.004159	5.011182	5.00767	5.004159	5.004159	5.046299	5.042787	5.035764	5.032252	5.039275	5.032252	5.035764	5.031025	5.035764	5.035764	5.115285	5.125817	5.122306	5.122306	5.125817	5.118795	5.118795	5.125817	5.125817	5.125817
5.11198	5.11198	5.11198	5.108519	5.115441	5.11198	5.11198	5.103827	5.108519	5.096906	5.128048	5.128048	5.138429	5.128048	5.131508	5.124588	5.131508	5.131508	5.124588	5.131508	4.980455	4.976994	4.979258	4.980455	4.976994	4.973533	4.973533	4.976994	4.976994	4.976994	4.980455	4.980455	4.980455	4.983915	4.987377	4.987377	4.983915	4.980455	4.983915	4.990838	5.03237	5.035831	5.03237	5.03237	5.025448	5.03237	5.03237	5.03237	5.028909	5.028909	5.004682	5.004682	5.008143	5.001221	5.004682	5.004682	5.001221	5.004682	5.004682	5.001221	5.087747	5.084286	5.091208	5.084286	5.084286	5.084286	5.084286	5.087747	5.080825	5.087747
5.113585	5.113585	5.113585	5.110194	5.116976	5.110194	5.113585	5.113585	5.113585	5.103412	5.125937	5.127149	5.133931	5.123758	5.125937	5.129326	5.125937	5.125937	5.122546	5.129326	4.980158	4.980158	4.983549	4.983549	4.986939	4.983549	4.977941	4.983549	4.977941	4.981332	4.977941	4.977941	4.971159	4.977941	4.977941	4.981332	4.977941	4.973379	4.980159	4.980159	5.061523	5.061523	5.061523	5.061523	5.054743	5.058133	5.058133	5.064914	5.058133	5.058133	5.018632	5.015241	5.015241	5.01185	5.018632	5.015241	5.01185	5.015241	5.018632	5.01185	5.086451	5.08306	5.096624	5.085255	5.089842	5.088645	5.078474	5.088645	5.081864	5.085255
5.121085	5.1179	5.1179	5.108346	5.116762	5.113578	5.114715	5.116762	5.110394	5.110394	5.132682	5.132682	5.13905	5.135867	5.129498	5.133817	5.132682	5.132682	5.127448	5.135867	4.993688	4.996873	4.996873	4.996873	4.996873	4.996873	4.996873	4.996873	4.995769	4.995769	4.998953	4.998953	4.995769	4.995769	4.995769	4.998953	4.992585	4.995769	4.998953	5.002137	5.063752	5.066937	5.066937	5.066937	5.063752	5.060568	5.063752	5.066937	5.063752	5.063752	5.025536	5.02872	5.02872	5.02124	5.025536	5.030792	5.024425	5.02872	5.027608	5.027608	5.065817	5.069001	5.059449	5.069001	5.065817	5.069001	5.060567	5.057383	5.062633	5.060567
5.251343	5.251343	5.254459	5.241993	5.248226	5.251343	5.251343	5.251343	5.241988	5.235754	5.251337	5.251337	5.260687	5.260687	5.25757	5.25757	5.254454	5.251337	5.251337	5.25757	5.154725	5.157842	5.157842	5.157842	5.154725	5.154725	5.151608	5.157842	5.151608	5.151608	5.164075	5.160958	5.157842	5.164075	5.160958	5.167191	5.164075	5.160958	5.167191	5.164075	5.19524	5.198357	5.198357	5.19524	5.192123	5.195239	5.19524	5.198356	5.192123	5.192123	5.173424	5.167191	5.170307	5.160957	5.170307	5.170307	5.167191	5.167191	5.170307	5.167191	5.217055	5.220171	5.217055	5.217055	5.220171	5.213939	5.220171	5.217055	5.217055	5.220171
5.128861	5.132305	5.128861	5.125416	5.13575	5.128861	5.132305	5.128861	5.124186	5.118527	5.086305	5.086305	5.089749	5.089749	5.093192	5.086305	5.089749	5.086305	5.084077	5.090966	5.046187	5.046187	5.049632	5.049632	5.046187	5.049632	5.046187	5.046187	5.049632	5.046187	5.024319	5.020875	5.020875	5.020875	5.020875	5.024319	5.024319	5.020875	5.024319	5.024319	5.059965	5.062199	5.062199	5.059965	5.056521	5.059965	5.059965	5.06341	5.06341	5.056521	5.056521	5.053076	5.056521	5.046187	5.055311	5.056521	5.051867	5.051867	5.055311	5.051867	5.113853	5.11041	5.120741	5.117298	5.117298	5.117298	5.117298	5.115077	5.11041	5.115077
5.144113	5.140677	5.140677	5.133805	5.144113	5.137241	5.144113	5.136011	5.132576	5.133805	5.043253	5.046689	5.050124	5.046689	5.050124	5.039818	5.044456	5.043253	5.039818	5.04102	5.037583	5.037583	5.04102	5.037583	5.037583	5.037583	5.037583	5.037583	5.034147	5.034147	4.981414	4.977978	4.977978	4.977978	4.977978	4.977978	4.981414	4.977978	4.981414	4.981414	5.063865	5.070735	5.0673	5.070735	5.063865	5.061636	5.070735	5.065073	5.065073	5.061636	5.061636	5.054764	5.061636	5.054764	5.063865	5.061636	5.0582	5.053558	5.06043	5.056994	5.118832	5.118832	5.118832	5.122267	5.115396	5.122267	5.115396	5.118832	5.118832	5.115396
5.131361	5.131361	5.131361	5.128128	5.131361	5.131361	5.131361	5.128128	5.128128	5.121661	5.008493	5.012853	5.012853	5.011727	5.014959	5.009619	5.009619	5.006385	5.006385	5.006385	5.00315	4.999917	4.996682	4.999917	5.00315	4.999917	4.996682	4.999917	4.996682	4.996682	4.961107	4.961107	4.964341	4.961107	4.961107	4.964341	4.964341	4.961106	4.967576	4.96434	5.038725	5.038725	5.041959	5.038725	5.03549	5.041959	5.038725	5.041959	5.038725	5.03549	5.061363	5.054895	5.061363	5.051661	5.058129	5.054895	5.054895	5.051661	5.058129	5.054895	5.100173	5.106641	5.103407	5.103406	5.100173	5.096939	5.096939	5.100173	5.100173	5.100173
5.144088	5.144088	5.140773	5.137459	5.144088	5.137459	5.140773	5.136271	5.140773	5.13083	5.02029	5.026918	5.033545	5.023604	5.026918	5.026918	5.026918	5.023604	5.023604	5.026918	4.980526	4.98384	4.980526	4.978357	4.978357	4.975043	4.975043	4.978357	4.975043	4.975043	5.008187	5.008187	5.008187	5.008187	5.008187	5.011503	5.008187	5.011503	5.008187	5.014817	5.02476	5.02476	5.028075	5.02476	5.021446	5.028075	5.028075	5.028075	5.02476	5.021446	5.074478	5.074478	5.081107	5.071163	5.081107	5.077792	5.074478	5.077792	5.074478	5.077792	5.15734	5.15734	5.160654	5.160654	5.167283	5.15734	5.160654	5.160654	5.15734	5.163969
5.143838	5.150379	5.143838	5.140568	5.150379	5.147109	5.147109	5.143838	5.141736	5.134028	5.033798	5.037069	5.043611	5.037069	5.030528	5.040339	5.030528	5.030528	5.037069	5.033798	5.016306	5.016306	5.013036	5.013036	5.013036	5.009766	5.009766	5.013036	5.016306	5.013036	5.020716	5.029387	5.026116	5.023987	5.023987	5.027257	5.023987	5.023987	5.023987	5.027257	5.033799	5.033799	5.035927	5.032657	5.030528	5.039197	5.035927	5.035927	5.029387	5.032657	5.084978	5.088248	5.091518	5.078438	5.088248	5.084978	5.082861	5.086131	5.082861	5.082861	5.216965	5.226777	5.236589	5.223506	5.226777	5.226777	5.230048	5.228861	5.226777	5.225591
5.127123	5.130039	5.127123	5.118374	5.127123	5.127123	5.124207	5.124207	5.124207	5.118374	5.007548	5.010465	5.016297	5.013381	5.010465	5.010465	5.001716	5.007548	5.016297	5.013381	5.01338	5.016297	5.019215	5.016297	5.019214	5.016297	5.01338	5.016297	5.01338	5.016297	5.001715	5.001715	5.001715	5.004631	5.001715	5.004631	5.001715	5.001715	5.001715	5.001715	5.016297	5.019214	5.019214	5.02213	5.01338	5.019214	5.019214	5.021112	5.016297	5.018197	5.070683	5.070683	5.076514	5.064851	5.070683	5.070683	5.064851	5.067767	5.068793	5.067767	5.220449	5.217533	5.223365	5.229198	5.223365	5.229198	5.217533	5.220449	5.217533	5.226282
5.11847	5.11847	5.115301	5.108962	5.115301	5.112132	5.112132	5.115301	5.108962	5.105793	5.004375	5.001205	5.010713	5.007544	5.010713	5.001205	5.001205	5.004375	5.007544	5.004375	5.001205	5.004375	5.004375	5.004375	5.001205	5.001205	5.004375	5.004375	5.007544	5.004375	4.994866	4.988527	4.985358	4.985358	4.988527	4.987429	4.984261	4.984261	4.987429	4.990598	5.025453	5.025453	5.022284	5.025453	5.022284	5.022284	5.022284	5.025453	5.025453	5.022284	5.0741	5.06776	5.07093	5.064591	5.07093	5.0741	5.066646	5.069814	5.072983	5.069814	5.221909	5.228246	5.215571	5.225077	5.221909	5.225077	5.225077	5.212403	5.221909	5.221909
5.127737	5.130956	5.130956	5.124518	5.127737	5.124518	5.124518	5.127737	5.124518	5.11808	5.034389	5.031168	5.040826	5.034389	5.037606	5.031168	5.034387	5.034387	5.02795	5.02795	4.99576	4.99576	5.002199	4.99898	4.99898	4.99898	4.99898	4.99898	4.99898	4.99576	4.982884	4.979666	4.979666	4.979666	4.979666	4.982884	4.979666	4.976447	4.979666	4.979666	5.034388	5.034388	5.037607	5.037607	5.031168	5.034388	5.034388	5.037607	5.037607	5.031168	5.105204	5.101985	5.101985	5.098766	5.108423	5.101985	5.101985	5.101985	5.101985	5.101985	5.217866	5.227523	5.221085	5.211429	5.227523	5.20821	5.221085	5.224304	5.224304	5.221085
5.130231	5.12676	5.12676	5.119818	5.12676	5.119818	5.119818	5.119818	5.119818	5.116347	5.008744	5.008744	5.015686	5.012215	5.015686	5.019157	5.015686	5.008744	5.001801	5.012215	4.991389	4.991389	4.99486	4.99486	4.99486	4.991389	4.99486	4.99486	4.990186	4.99486	4.969365	4.972835	4.965894	4.969365	4.969365	4.965894	4.969365	4.972835	4.976305	4.972835	5.028358	5.02957	5.02957	5.02957	5.026099	5.026099	5.02957	5.02957	5.02957	5.026099	5.105933	5.105933	5.109405	5.102462	5.109405	5.109405	5.105933	5.109405	5.109405	5.105933	5.210065	5.203123	5.217007	5.210065	5.213536	5.213536	5.213536	5.210065	5.199652	5.213536
5.160212	5.160213	5.156892	5.15025	5.156891	5.153571	5.160213	5.153571	5.153571	5.15025	5.014105	5.017426	5.024067	5.017426	5.010785	5.020747	5.017426	5.007464	5.010785	5.014105	5.020747	5.024067	5.027388	5.020747	5.020747	5.020747	5.020747	5.024067	5.020747	5.020747	5.034029	5.030709	5.027388	5.030709	5.030709	5.030709	5.030709	5.030709	5.030709	5.034029	5.034029	5.03735	5.04067	5.034029	5.03735	5.03735	5.04067	5.04067	5.03735	5.03735	5.130327	5.136968	5.133647	5.127006	5.133647	5.133647	5.130327	5.130327	5.133647	5.133647	5.226624	5.239907	5.239907	5.233265	5.226624	5.236586	5.229945	5.226624	5.236586	5.223304
5.120512	5.123881	5.12388	5.120512	5.12388	5.12388	5.120512	5.117143	5.120512	5.110405	4.965549	4.972287	4.975655	4.979024	4.972287	4.972287	4.968918	4.96218	4.968918	4.968918	4.975655	4.975655	4.975655	4.972287	4.972287	4.975655	4.972287	4.975655	4.972287	4.974493	5.038484	5.038484	5.041851	5.041851	5.038484	5.041851	5.041851	5.041851	5.041851	5.0464	5.005975	5.009344	5.009344	5.005975	5.005975	5.009344	5.005975	5.009344	5.005975	5.002606	5.085635	5.089004	5.089004	5.078899	5.089004	5.082267	5.089004	5.082267	5.082267	5.085635	5.183306	5.187888	5.184519	5.184519	5.190042	5.177781	5.177781	5.187888	5.187888	5.184519
5.096176	5.096176	5.096176	5.088875	5.092525	5.092525	5.092525	5.088875	5.092525	5.081573	4.961105	4.964756	4.964756	4.968406	4.964755	4.953804	4.961105	4.957454	4.961104	4.953804	4.950153	4.953804	4.950153	4.946502	4.950153	4.946502	4.946502	4.946502	4.946502	4.950153	5.030465	5.034116	5.034116	5.030465	5.030465	5.034116	5.030465	5.030465	5.034116	5.034116	4.996344	4.996344	4.996344	4.996344	4.989044	4.992694	4.992694	4.996344	4.985395	4.992694	5.059669	5.059669	5.056019	5.052368	5.056019	5.056019	5.048717	5.048717	5.048717	5.052368	5.147283	5.142328	5.143632	5.150933	5.149628	5.147283	5.145978	5.142328	5.142328	5.149628
5.094921	5.091726	5.091733	5.078973	5.08535	5.088538	5.098109	5.088538	5.094914	5.085356	4.983324	4.992888	4.996077	4.9897	4.989696	4.9897	4.983324	4.980131	4.992884	4.9897	4.992884	4.992884	4.9897	4.989696	4.992884	4.992884	4.989696	4.989696	4.986507	4.992884	5.035439	5.035439	5.034332	5.029062	5.029062	5.035439	5.032251	5.029062	5.035439	5.032251	5.003551	5.003551	5.003551	5.006739	5.003551	5.00036	5.002438	5.008814	5.002438	5.002438	5.047074	5.047074	5.050262	5.047074	5.05345	5.047074	5.047074	5.047074	5.047074	5.050262	5.169368	5.169368	5.174605	5.172557	5.166179	5.172557	5.169368	5.172557	5.172557	5.172557
5.10773	5.10773	5.104185	5.097096	5.10773	5.10773	5.10773	5.111274	5.10773	5.097096	5.072278	5.079373	5.082918	5.082918	5.082911	5.075822	5.072278	5.075822	5.082911	5.075822	5.051011	5.054555	5.051011	5.054555	5.047466	5.051011	5.045158	5.051011	5.047466	5.048703	5.091249	5.091249	5.094794	5.084158	5.087703	5.091249	5.091249	5.087703	5.094794	5.091249	5.087703	5.082901	5.082901	5.086446	5.086446	5.086446	5.08999	5.093535	5.08999	5.086446	5.151509	5.153792	5.157336	5.150248	5.157336	5.153792	5.151509	5.151509	5.153792	5.155055	5.229508	5.233054	5.236599	5.233054	5.229508	5.229508	5.236599	5.233054	5.233054	5.233054
5.014875	5.014875	5.011283	5.004099	5.011283	5.014875	5.014875	5.00769	5.011283	5.005341	5.012528	5.019714	5.023307	5.023307	5.016121	5.016121	5.016121	5.012528	5.023307	5.019714	4.953795	4.960979	4.957387	4.957387	4.957387	4.960979	4.957387	4.957387	4.953795	4.960979	5.05438	5.05438	5.05438	5.050787	5.05438	5.052042	5.05438	5.050787	5.057972	5.052042	5.048448	5.055634	5.048448	5.052042	5.052042	5.048448	5.052042	5.055634	5.055634	5.055634	5.108253	5.108253	5.10466	5.108253	5.115437	5.108253	5.108253	5.10466	5.108253	5.10466	5.169322	5.169322	5.16573	5.169322	5.163419	5.162137	5.162137	5.167012	5.16573	5.163419
5.029804	5.029804	5.026544	5.020024	5.029804	5.033063	5.029804	5.029804	5.029804	5.020024	4.990686	4.990686	4.997207	4.989552	4.989552	4.99281	4.989552	4.986292	4.996069	4.99281	5.009105	5.012364	5.012364	5.012364	5.009105	5.012364	5.012364	5.009105	5.006974	5.010233	5.023272	5.029792	5.029792	5.023272	5.026532	5.036312	5.026532	5.023272	5.029792	5.026532	5.08731	5.093829	5.091727	5.084052	5.08731	5.080792	5.084052	5.08731	5.08731	5.08731	5.159009	5.15575	5.162268	5.15691	5.16343	5.15691	5.159009	5.15691	5.16017	5.153651	5.179729	5.179729	5.186248	5.186248	5.176469	5.179729	5.176469	5.179723	5.179723	5.179729
5.011146	5.012322	5.004424	5.001063	5.014507	5.014507	5.007784	5.011146	5.004424	5.004424	4.997702	5.004424	5.004424	5.004424	5.001063	4.995502	5.004424	4.995502	5.002225	5.002225	5.005587	5.008949	5.002225	5.005587	5.005587	5.002225	5.005587	5.005587	5.002225	5.005587	5.011135	5.014496	5.017857	5.007774	5.011135	5.011135	5.011135	5.014496	5.014496	5.017857	5.07281	5.071632	5.078353	5.069448	5.069448	5.066087	5.069448	5.066087	5.069448	5.066087	5.220725	5.220725	5.224086	5.220725	5.224086	5.220725	5.220725	5.217363	5.220719	5.214001	5.20391	5.20391	5.207272	5.207272	5.200549	5.20391	5.207272	5.20391	5.207272	5.20391
5.02223	5.025474	5.015741	5.012496	5.02223	5.02223	5.018985	5.02223	5.012496	5.015741	5.030824	5.031962	5.035207	5.035207	5.030824	5.035207	5.030824	5.030824	5.040554	5.030824	5.017849	5.014606	5.014606	5.017849	5.017849	5.014606	5.012486	5.017849	5.014606	5.01573	5.041685	5.044929	5.041685	5.035196	5.03844	5.03844	5.041685	5.041685	5.041685	5.044929	5.098928	5.092441	5.096838	5.092441	5.092441	5.092441	5.095684	5.095684	5.092441	5.092441	5.248133	5.24489	5.246065	5.242821	5.24931	5.246065	5.248133	5.242821	5.246065	5.242821	5.226599	5.223355	5.226599	5.226599	5.22011	5.223355	5.223355	5.223355	5.226599	5.226593
5.043969	5.040723	5.036335	5.029845	5.03958	5.042826	5.042826	5.042826	5.03958	5.036335	5.00713	5.00713	5.016865	5.01362	5.008254	5.010375	5.00713	5.005009	5.01362	5.00713	4.985534	4.985534	4.985534	4.988779	4.988779	4.985534	4.985534	4.985534	4.988779	4.988779	5.04606	5.049304	5.04606	5.04606	5.042815	5.04606	5.04606	5.039569	5.04606	5.04606	5.114205	5.114205	5.108861	5.117451	5.112107	5.112107	5.115353	5.112107	5.112107	5.117451	5.238692	5.235447	5.238692	5.238692	5.238692	5.235447	5.235447	5.235447	5.235447	5.238692	5.209475	5.206228	5.21272	5.209475	5.206228	5.21272	5.206228	5.206228	5.206228	5.209475
5.022179	5.022179	5.015786	5.009392	5.018982	5.02009	5.02009	5.02009	5.018982	5.013696	5.013696	5.016893	5.023288	5.02009	5.02009	5.02009	5.02009	5.013696	5.02009	5.01897	5.002986	5.002986	4.99979	5.006183	5.002986	5.002986	5.002986	4.996593	5.002986	5.006183	5.047741	5.050939	5.050932	5.047736	5.047736	5.047736	5.047736	5.044539	5.050932	5.050932	5.130852	5.140443	5.134049	5.140443	5.137246	5.134049	5.135183	5.140443	5.135183	5.140443	5.240701	5.237504	5.243899	5.240701	5.243899	5.240701	5.240701	5.234306	5.237504	5.240701	5.211924	5.207564	5.210761	5.213958	5.210761	5.210761	5.210761	5.207564	5.207564	5.207564
5.028336	5.031427	5.029953	5.031427	5.022304	5.024514	5.028496	5.028159	5.027114	5.027948	5.024749	5.022881	5.02364	5.026005	5.020544	5.020464	5.023298	5.022601	5.017773	5.019287	5.018545	5.016357	5.014769	5.015477	5.01598	5.019899	5.019287	5.016002	5.013306	5.01494	5.012266	5.012386	5.012015	5.010244	5.008702	5.014574	5.009998	5.010016	5.01037	5.01574	5.004651	5.008964	5.009062	5.007439	5.00456	5.007445	5.003857	5.005383	5.007279	5.001835	5.001789	5.005228	5.001012	5.001424	5.00083	5.000538	5.002115	5.002075	4.999773	4.997899	4.994706	4.996631	4.997482	4.996562	4.98993	4.996448	4.996962	4.993477	4.99775	4.991278
73.06998	73.144242	73.15952	73.208889	73.278448	73.264488	73.346107	73.290575	73.369484	73.468373	73.566357	73.560996	73.699048	73.658937	73.66746	73.665075	73.665516	73.693659	73.755389	73.702163	73.870429	73.86175	73.863575	73.913587	73.936671	73.949123	73.963905	73.966595	74.039944	73.985329	74.111325	74.176317	74.163298	74.166548	74.188821	74.28206	74.260766	74.263111	74.278361	74.266659	74.363135	74.362913	74.362802	74.451008	74.468563	74.545103	74.571917	74.534849	74.574024	74.564282	74.669508	74.675556	74.677115	74.667163	74.686444	74.634627	74.678179	74.700504	74.752575	74.764849	74.866603	74.913119	74.875917	74.930159	74.993825	74.933421	74.998738	74.961425	74.965532	75.044028
29.29	29.29	29.29	29.29	29.29	29.29	29.29	29.29	29.29	29.29	29.29	29.29	29.29	29.29	29.29	29.29	29.29	29.29	29.29	29.29	29.29	29.29	29.29	29.29	29.29	29.29	29.29	29.29	29.29	29.29	29.29	29.29	29.29	29.29	29.29	29.29	29.29	29.29	29.29	29.29	29.29	29.29	29.29	29.29	29.29	29.29	29.29	29.29	29.29	29.29	29.29	29.29	29.29	29.29	29.29	29.29	29.29	29.29	29.29	29.29	29.29	29.29	29.29	29.29	29.29	29.29	29.29	29.29	29.29	29.29
90269350	90271860	90274260	90276660	90279060	90281460	90283860	90286260	90288660	90291060	90304790	90307260	90309660	90312060	90314460	90316860	90319260	90321660	90324060	90326460	90340180	90342660	90345060	90347460	90349860	90352260	90354660	90357060	90359460	90361860	90375580	90378060	90380460	90382860	90385260	90387660	90390060	90392460	90394860	90397260	90410980	90413460	90415860	90418260	90420660	90423060	90425460	90427860	90430260	90432660	90446380	90448860	90451260	90453660	90456060	90458460	90460860	90463260	90465660	90468060	90481780	90484260	90486660	90489060	90491460	90493860	90496260	90498660	90501080	90503660
