0	1	2	3	4	5	6	7	8	9	0	1	2	3	4	5	6	7	8	9	0	1	2	3	4	5	6	7	8	9	0	1	2	3	4	5	6	7	8	9	0	1	2	3	4	5	6	7	8	9	0	1	2	3	4	5	6	7	8	9	0	1	2	3	4	5	6	7	8	9
0	0	0	0	0	0	0	0	0	0	1	1	1	1	1	1	1	1	1	1	2	2	2	2	2	2	2	2	2	2	3	3	3	3	3	3	3	3	3	3	4	4	4	4	4	4	4	4	4	4	5	5	5	5	5	5	5	5	5	5	6	6	6	6	6	6	6	6	6	6
4	4	4	4	4	4	4	4	4	4	4	4	4	4	4	4	4	4	4	4	4	4	4	4	4	4	4	4	4	4	4	4	4	4	4	4	4	4	4	4	4	4	4	4	4	4	4	4	4	4	4	4	4	4	4	4	4	4	4	4	4	4	4	4	4	4	4	4	4	4
0.499598	0.499598	0.499598	0.499598	0.499598	0.499598	0.499598	0.499598	0.499598	0.499598	4.441265	4.441265	4.441265	4.441265	4.441265	4.441265	4.441265	4.441265	4.441265	4.441265	8.382932	8.382932	8.382932	8.382932	8.382932	8.382932	8.382932	8.382932	8.382932	8.382932	12.324598	12.324598	12.324598	12.324598	12.324598	12.324598	12.324598	12.324598	12.324598	12.324598	16.266265	16.266265	16.266265	16.266265	16.266265	16.266265	16.266265	16.266265	16.266265	16.266265	20.207932	20.207932	20.207932	20.207932	20.207932	20.207932	20.207932	20.207932	20.207932	20.207932	24.149598	24.149598	24.149598	24.149598	24.149598	24.149598	24.149598	24.149598	24.149598	24.149598
0.937787	0.937787	0.937787	0.937787	0.937787	0.937787	0.937787	0.937787	0.937787	0.937787	4.879454	4.879454	4.879454	4.879454	4.879454	4.879454	4.879454	4.879454	4.879454	4.879454	8.821121	8.821121	8.821121	8.821121	8.821121	8.821121	8.821121	8.821121	8.821121	8.821121	12.762787	12.762787	12.762787	12.762787	12.762787	12.762787	12.762787	12.762787	12.762787	12.762787	16.704454	16.704454	16.704454	16.704454	16.704454	16.704454	16.704454	16.704454	16.704454	16.704454	20.646121	20.646121	20.646121	20.646121	20.646121	20.646121	20.646121	20.646121	20.646121	20.646121	24.587787	24.587787	24.587787	24.587787	24.587787	24.587787	24.587787	24.587787	24.587787	24.587787
1.342906	1.342906	1.342906	1.342906	1.342906	1.342906	1.342906	1.342906	1.342906	1.342906	5.284572	5.284572	5.284572	5.284572	5.284572	5.284572	5.284572	5.284572	5.284572	5.284572	9.226239	9.226239	9.226239	9.226239	9.226239	9.226239	9.226239	9.226239	9.226239	9.226239	13.167906	13.167906	13.167906	13.167906	13.167906	13.167906	13.167906	13.167906	13.167906	13.167906	17.109572	17.109572	17.109572	17.109572	17.109572	17.109572	17.109572	17.109572	17.109572	17.109572	21.051239	21.051239	21.051239	21.051239	21.051239	21.051239	21.051239	21.051239	21.051239	21.051239	24.992906	24.992906	24.992906	24.992906	24.992906	24.992906	24.992906	24.992906	24.992906	24.992906
1.748024	1.748024	1.748024	1.748024	1.748024	1.748024	1.748024	1.748024	1.748024	1.748024	5.68969	5.68969	5.68969	5.68969	5.68969	5.68969	5.68969	5.68969	5.68969	5.68969	9.631357	9.631357	9.631357	9.631357	9.631357	9.631357	9.631357	9.631357	9.631357	9.631357	13.573024	13.573024	13.573024	13.573024	13.573024	13.573024	13.573024	13.573024	13.573024	13.573024	17.51469	17.51469	17.51469	17.51469	17.51469	17.51469	17.51469	17.51469	17.51469	17.51469	21.456357	21.456357	21.456357	21.456357	21.456357	21.456357	21.456357	21.456357	21.456357	21.456357	25.398024	25.398024	25.398024	25.398024	25.398024	25.398024	25.398024	25.398024	25.398024	25.398024
2.152748	2.152748	2.152748	2.152748	2.152748	2.152748	2.152748	2.152748	2.152748	2.152748	6.094415	6.094415	6.094415	6.094415	6.094415	6.094415	6.094415	6.094415	6.094415	6.094415	10.036081	10.036081	10.036081	10.036081	10.036081	10.036081	10.036081	10.036081	10.036081	10.036081	13.977748	13.977748	13.977748	13.977748	13.977748	13.977748	13.977748	13.977748	13.977748	13.977748	17.919415	17.919415	17.919415	17.919415	17.919415	17.919415	17.919415	17.919415	17.919415	17.919415	21.861081	21.861081	21.861081	21.861081	21.861081	21.861081	21.861081	21.861081	21.861081	21.861081	25.802748	25.802748	25.802748	25.802748	25.802748	25.802748	25.802748	25.802748	25.802748	25.802748
2.557866	2.557866	2.557866	2.557866	2.557866	2.557866	2.557866	2.557866	2.557866	2.557866	6.499533	6.499533	6.499533	6.499533	6.499533	6.499533	6.499533	6.499533	6.499533	6.499533	10.441199	10.441199	10.441199	10.441199	10.441199	10.441199	10.441199	10.441199	10.441199	10.441199	14.382866	14.382866	14.382866	14.382866	14.382866	14.382866	14.382866	14.382866	14.382866	14.382866	18.324533	18.324533	18.324533	18.324533	18.324533	18.324533	18.324533	18.324533	18.324533	18.324533	22.266199	22.266199	22.266199	22.266199	22.266199	22.266199	22.266199	22.266199	22.266199	22.266199	26.207866	26.207866	26.207866	26.207866	26.207866	26.207866	26.207866	26.207866	26.207866	26.207866
2.962984	2.962984	2.962984	2.962984	2.962984	2.962984	2.962984	2.962984	2.962984	2.962984	6.904651	6.904651	6.904651	6.904651	6.904651	6.904651	6.904651	6.904651	6.904651	6.904651	10.846318	10.846318	10.846318	10.846318	10.846318	10.846318	10.846318	10.846318	10.846318	10.846318	14.787984	14.787984	14.787984	14.787984	14.787984	14.787984	14.787984	14.787984	14.787984	14.787984	18.729651	18.729651	18.729651	18.729651	18.729651	18.729651	18.729651	18.729651	18.729651	18.729651	22.671318	22.671318	22.671318	22.671318	22.671318	22.671318	22.671318	22.671318	22.671318	22.671318	26.612984	26.612984	26.612984	26.612984	26.612984	26.612984	26.612984	26.612984	26.612984	26.612984
3.368102	3.368102	3.368102	3.368102	3.368102	3.368102	3.368102	3.368102	3.368102	3.368102	7.309769	7.309769	7.309769	7.309769	7.309769	7.309769	7.309769	7.309769	7.309769	7.309769	11.251436	11.251436	11.251436	11.251436	11.251436	11.251436	11.251436	11.251436	11.251436	11.251436	15.193102	15.193102	15.193102	15.193102	15.193102	15.193102	15.193102	15.193102	15.193102	15.193102	19.134769	19.134769	19.134769	19.134769	19.134769	19.134769	19.134769	19.134769	19.134769	19.134769	23.076436	23.076436	23.076436	23.076436	23.076436	23.076436	23.076436	23.076436	23.076436	23.076436	27.018102	27.018102	27.018102	27.018102	27.018102	27.018102	27.018102	27.018102	27.018102	27.018102
3.772827	3.772827	3.772827	3.772827	3.772827	3.772827	3.772827	3.772827	3.772827	3.772827	7.714493	7.714493	7.714493	7.714493	7.714493	7.714493	7.714493	7.714493	7.714493	7.714493	11.65616	11.65616	11.65616	11.65616	11.65616	11.65616	11.65616	11.65616	11.65616	11.65616	15.597827	15.597827	15.597827	15.597827	15.597827	15.597827	15.597827	15.597827	15.597827	15.597827	19.539493	19.539493	19.539493	19.539493	19.539493	19.539493	19.539493	19.539493	19.539493	19.539493	23.48116	23.48116	23.48116	23.48116	23.48116	23.48116	23.48116	23.48116	23.48116	23.48116	27.422827	27.422827	27.422827	27.422827	27.422827	27.422827	27.422827	27.422827	27.422827	27.422827
4.069677	4.069677	4.069677	4.069677	4.069677	4.069677	4.069677	4.069677	4.069677	4.069677	8.011344	8.011344	8.011344	8.011344	8.011344	8.011344	8.011344	8.011344	8.011344	8.011344	11.953011	11.953011	11.953011	11.953011	11.953011	11.953011	11.953011	11.953011	11.953011	11.953011	15.894677	15.894677	15.894677	15.894677	15.894677	15.894677	15.894677	15.894677	15.894677	15.894677	19.836344	19.836344	19.836344	19.836344	19.836344	19.836344	19.836344	19.836344	19.836344	19.836344	23.778011	23.778011	23.778011	23.778011	23.778011	23.778011	23.778011	23.778011	23.778011	23.778011	27.719677	27.719677	27.719677	27.719677	27.719677	27.719677	27.719677	27.719677	27.719677	27.719677
4.366528	4.366528	4.366528	4.366528	4.366528	4.366528	4.366528	4.366528	4.366528	4.366528	8.308194	8.308194	8.308194	8.308194	8.308194	8.308194	8.308194	8.308194	8.308194	8.308194	12.249861	12.249861	12.249861	12.249861	12.249861	12.249861	12.249861	12.249861	12.249861	12.249861	16.191528	16.191528	16.191528	16.191528	16.191528	16.191528	16.191528	16.191528	16.191528	16.191528	20.133194	20.133194	20.133194	20.133194	20.133194	20.133194	20.133194	20.133194	20.133194	20.133194	24.074861	24.074861	24.074861	24.074861	24.074861	24.074861	24.074861	24.074861	24.074861	24.074861	28.016528	28.016528	28.016528	28.016528	28.016528	28.016528	28.016528	28.016528	28.016528	28.016528
4.663378	4.663378	4.663378	4.663378	4.663378	4.663378	4.663378	4.663378	4.663378	4.663378	8.605045	8.605045	8.605045	8.605045	8.605045	8.605045	8.605045	8.605045	8.605045	8.605045	12.546711	12.546711	12.546711	12.546711	12.546711	12.546711	12.546711	12.546711	12.546711	12.546711	16.488378	16.488378	16.488378	16.488378	16.488378	16.488378	16.488378	16.488378	16.488378	16.488378	20.430045	20.430045	20.430045	20.430045	20.430045	20.430045	20.430045	20.430045	20.430045	20.430045	24.371711	24.371711	24.371711	24.371711	24.371711	24.371711	24.371711	24.371711	24.371711	24.371711	28.313378	28.313378	28.313378	28.313378	28.313378	28.313378	28.313378	28.313378	28.313378	28.313378
4.960622	4.960622	4.960622	4.960622	4.960622	4.960622	4.960622	4.960622	4.960622	4.960622	8.902289	8.902289	8.902289	8.902289	8.902289	8.902289	8.902289	8.902289	8.902289	8.902289	12.843955	12.843955	12.843955	12.843955	12.843955	12.843955	12.843955	12.843955	12.843955	12.843955	16.785622	16.785622	16.785622	16.785622	16.785622	16.785622	16.785622	16.785622	16.785622	16.785622	20.727289	20.727289	20.727289	20.727289	20.727289	20.727289	20.727289	20.727289	20.727289	20.727289	24.668955	24.668955	24.668955	24.668955	24.668955	24.668955	24.668955	24.668955	24.668955	24.668955	28.610622	28.610622	28.610622	28.610622	28.610622	28.610622	28.610622	28.610622	28.610622	28.610622
5.257472	5.257472	5.257472	5.257472	5.257472	5.257472	5.257472	5.257472	5.257472	5.257472	9.199139	9.199139	9.199139	9.199139	9.199139	9.199139	9.199139	9.199139	9.199139	9.199139	13.140806	13.140806	13.140806	13.140806	13.140806	13.140806	13.140806	13.140806	13.140806	13.140806	17.082472	17.082472	17.082472	17.082472	17.082472	17.082472	17.082472	17.082472	17.082472	17.082472	21.024139	21.024139	21.024139	21.024139	21.024139	21.024139	21.024139	21.024139	21.024139	21.024139	24.965806	24.965806	24.965806	24.965806	24.965806	24.965806	24.965806	24.965806	24.965806	24.965806	28.907472	28.907472	28.907472	28.907472	28.907472	28.907472	28.907472	28.907472	28.907472	28.907472
5.554323	5.554323	5.554323	5.554323	5.554323	5.554323	5.554323	5.554323	5.554323	5.554323	9.495989	9.495989	9.495989	9.495989	9.495989	9.495989	9.495989	9.495989	9.495989	9.495989	13.437656	13.437656	13.437656	13.437656	13.437656	13.437656	13.437656	13.437656	13.437656	13.437656	17.379323	17.379323	17.379323	17.379323	17.379323	17.379323	17.379323	17.379323	17.379323	17.379323	21.320989	21.320989	21.320989	21.320989	21.320989	21.320989	21.320989	21.320989	21.320989	21.320989	25.262656	25.262656	25.262656	25.262656	25.262656	25.262656	25.262656	25.262656	25.262656	25.262656	29.204323	29.204323	29.204323	29.204323	29.204323	29.204323	29.204323	29.204323	29.204323	29.204323
5.851173	5.851173	5.851173	5.851173	5.851173	5.851173	5.851173	5.851173	5.851173	5.851173	9.79284	9.79284	9.79284	9.79284	9.79284	9.79284	9.79284	9.79284	9.79284	9.79284	13.734507	13.734507	13.734507	13.734507	13.734507	13.734507	13.734507	13.734507	13.734507	13.734507	17.676173	17.676173	17.676173	17.676173	17.676173	17.676173	17.676173	17.676173	17.676173	17.676173	21.61784	21.61784	21.61784	21.61784	21.61784	21.61784	21.61784	21.61784	21.61784	21.61784	25.559507	25.559507	25.559507	25.559507	25.559507	25.559507	25.559507	25.559507	25.559507	25.559507	29.501173	29.501173	29.501173	29.501173	29.501173	29.501173	29.501173	29.501173	29.501173	29.501173
6.148024	6.148024	6.148024	6.148024	6.148024	6.148024	6.148024	6.148024	6.148024	6.148024	10.08969	10.08969	10.08969	10.08969	10.08969	10.08969	10.08969	10.08969	10.08969	10.08969	14.031357	14.031357	14.031357	14.031357	14.031357	14.031357	14.031357	14.031357	14.031357	14.031357	17.973024	17.973024	17.973024	17.973024	17.973024	17.973024	17.973024	17.973024	17.973024	17.973024	21.91469	21.91469	21.91469	21.91469	21.91469	21.91469	21.91469	21.91469	21.91469	21.91469	25.856357	25.856357	25.856357	25.856357	25.856357	25.856357	25.856357	25.856357	25.856357	25.856357	29.798024	29.798024	29.798024	29.798024	29.798024	29.798024	29.798024	29.798024	29.798024	29.798024
6.444874	6.444874	6.444874	6.444874	6.444874	6.444874	6.444874	6.444874	6.444874	6.444874	10.386541	10.386541	10.386541	10.386541	10.386541	10.386541	10.386541	10.386541	10.386541	10.386541	14.328207	14.328207	14.328207	14.328207	14.328207	14.328207	14.328207	14.328207	14.328207	14.328207	18.269874	18.269874	18.269874	18.269874	18.269874	18.269874	18.269874	18.269874	18.269874	18.269874	22.211541	22.211541	22.211541	22.211541	22.211541	22.211541	22.211541	22.211541	22.211541	22.211541	26.153207	26.153207	26.153207	26.153207	26.153207	26.153207	26.153207	26.153207	26.153207	26.153207	30.094874	30.094874	30.094874	30.094874	30.094874	30.094874	30.094874	30.094874	30.094874	30.094874
6.741724	6.741724	6.741724	6.741724	6.741724	6.741724	6.741724	6.741724	6.741724	6.741724	10.683391	10.683391	10.683391	10.683391	10.683391	10.683391	10.683391	10.683391	10.683391	10.683391	14.625058	14.625058	14.625058	14.625058	14.625058	14.625058	14.625058	14.625058	14.625058	14.625058	18.566724	18.566724	18.566724	18.566724	18.566724	18.566724	18.566724	18.566724	18.566724	18.566724	22.508391	22.508391	22.508391	22.508391	22.508391	22.508391	22.508391	22.508391	22.508391	22.508391	26.450058	26.450058	26.450058	26.450058	26.450058	26.450058	26.450058	26.450058	26.450058	26.450058	30.391724	30.391724	30.391724	30.391724	30.391724	30.391724	30.391724	30.391724	30.391724	30.391724
7.038575	7.038575	7.038575	7.038575	7.038575	7.038575	7.038575	7.038575	7.038575	7.038575	10.980241	10.980241	10.980241	10.980241	10.980241	10.980241	10.980241	10.980241	10.980241	10.980241	14.921908	14.921908	14.921908	14.921908	14.921908	14.921908	14.921908	14.921908	14.921908	14.921908	18.863575	18.863575	18.863575	18.863575	18.863575	18.863575	18.863575	18.863575	18.863575	18.863575	22.805241	22.805241	22.805241	22.805241	22.805241	22.805241	22.805241	22.805241	22.805241	22.805241	26.746908	26.746908	26.746908	26.746908	26.746908	26.746908	26.746908	26.746908	26.746908	26.746908	30.688575	30.688575	30.688575	30.688575	30.688575	30.688575	30.688575	30.688575	30.688575	30.688575
7.335425	7.335425	7.335425	7.335425	7.335425	7.335425	7.335425	7.335425	7.335425	7.335425	11.277092	11.277092	11.277092	11.277092	11.277092	11.277092	11.277092	11.277092	11.277092	11.277092	15.218759	15.218759	15.218759	15.218759	15.218759	15.218759	15.218759	15.218759	15.218759	15.218759	19.160425	19.160425	19.160425	19.160425	19.160425	19.160425	19.160425	19.160425	19.160425	19.160425	23.102092	23.102092	23.102092	23.102092	23.102092	23.102092	23.102092	23.102092	23.102092	23.102092	27.043759	27.043759	27.043759	27.043759	27.043759	27.043759	27.043759	27.043759	27.043759	27.043759	30.985425	30.985425	30.985425	30.985425	30.985425	30.985425	30.985425	30.985425	30.985425	30.985425
7.632276	7.632276	7.632276	7.632276	7.632276	7.632276	7.632276	7.632276	7.632276	7.632276	11.573942	11.573942	11.573942	11.573942	11.573942	11.573942	11.573942	11.573942	11.573942	11.573942	15.515609	15.515609	15.515609	15.515609	15.515609	15.515609	15.515609	15.515609	15.515609	15.515609	19.457276	19.457276	19.457276	19.457276	19.457276	19.457276	19.457276	19.457276	19.457276	19.457276	23.398942	23.398942	23.398942	23.398942	23.398942	23.398942	23.398942	23.398942	23.398942	23.398942	27.340609	27.340609	27.340609	27.340609	27.340609	27.340609	27.340609	27.340609	27.340609	27.340609	31.282276	31.282276	31.282276	31.282276	31.282276	31.282276	31.282276	31.282276	31.282276	31.282276
7.929126	7.929126	7.929126	7.929126	7.929126	7.929126	7.929126	7.929126	7.929126	7.929126	11.870793	11.870793	11.870793	11.870793	11.870793	11.870793	11.870793	11.870793	11.870793	11.870793	15.812459	15.812459	15.812459	15.812459	15.812459	15.812459	15.812459	15.812459	15.812459	15.812459	19.754126	19.754126	19.754126	19.754126	19.754126	19.754126	19.754126	19.754126	19.754126	19.754126	23.695793	23.695793	23.695793	23.695793	23.695793	23.695793	23.695793	23.695793	23.695793	23.695793	27.637459	27.637459	27.637459	27.637459	27.637459	27.637459	27.637459	27.637459	27.637459	27.637459	31.579126	31.579126	31.579126	31.579126	31.579126	31.579126	31.579126	31.579126	31.579126	31.579126
8.225976	8.225976	8.225976	8.225976	8.225976	8.225976	8.225976	8.225976	8.225976	8.225976	12.167643	12.167643	12.167643	12.167643	12.167643	12.167643	12.167643	12.167643	12.167643	12.167643	16.10931	16.10931	16.10931	16.10931	16.10931	16.10931	16.10931	16.10931	16.10931	16.10931	20.050976	20.050976	20.050976	20.050976	20.050976	20.050976	20.050976	20.050976	20.050976	20.050976	23.992643	23.992643	23.992643	23.992643	23.992643	23.992643	23.992643	23.992643	23.992643	23.992643	27.93431	27.93431	27.93431	27.93431	27.93431	27.93431	27.93431	27.93431	27.93431	27.93431	31.875976	31.875976	31.875976	31.875976	31.875976	31.875976	31.875976	31.875976	31.875976	31.875976
8.522827	8.522827	8.522827	8.522827	8.522827	8.522827	8.522827	8.522827	8.522827	8.522827	12.464493	12.464493	12.464493	12.464493	12.464493	12.464493	12.464493	12.464493	12.464493	12.464493	16.40616	16.40616	16.40616	16.40616	16.40616	16.40616	16.40616	16.40616	16.40616	16.40616	20.347827	20.347827	20.347827	20.347827	20.347827	20.347827	20.347827	20.347827	20.347827	20.347827	24.289493	24.289493	24.289493	24.289493	24.289493	24.289493	24.289493	24.289493	24.289493	24.289493	28.23116	28.23116	28.23116	28.23116	28.23116	28.23116	28.23116	28.23116	28.23116	28.23116	32.172827	32.172827	32.172827	32.172827	32.172827	32.172827	32.172827	32.172827	32.172827	32.172827
8.819677	8.819677	8.819677	8.819677	8.819677	8.819677	8.819677	8.819677	8.819677	8.819677	12.761344	12.761344	12.761344	12.761344	12.761344	12.761344	12.761344	12.761344	12.761344	12.761344	16.703011	16.703011	16.703011	16.703011	16.703011	16.703011	16.703011	16.703011	16.703011	16.703011	20.644677	20.644677	20.644677	20.644677	20.644677	20.644677	20.644677	20.644677	20.644677	20.644677	24.586344	24.586344	24.586344	24.586344	24.586344	24.586344	24.586344	24.586344	24.586344	24.586344	28.528011	28.528011	28.528011	28.528011	28.528011	28.528011	28.528011	28.528011	28.528011	28.528011	32.469677	32.469677	32.469677	32.469677	32.469677	32.469677	32.469677	32.469677	32.469677	32.469677
9.116528	9.116528	9.116528	9.116528	9.116528	9.116528	9.116528	9.116528	9.116528	9.116528	13.058194	13.058194	13.058194	13.058194	13.058194	13.058194	13.058194	13.058194	13.058194	13.058194	16.999861	16.999861	16.999861	16.999861	16.999861	16.999861	16.999861	16.999861	16.999861	16.999861	20.941528	20.941528	20.941528	20.941528	20.941528	20.941528	20.941528	20.941528	20.941528	20.941528	24.883194	24.883194	24.883194	24.883194	24.883194	24.883194	24.883194	24.883194	24.883194	24.883194	28.824861	28.824861	28.824861	28.824861	28.824861	28.824861	28.824861	28.824861	28.824861	28.824861	32.766528	32.766528	32.766528	32.766528	32.766528	32.766528	32.766528	32.766528	32.766528	32.766528
9.413378	9.413378	9.413378	9.413378	9.413378	9.413378	9.413378	9.413378	9.413378	9.413378	13.355045	13.355045	13.355045	13.355045	13.355045	13.355045	13.355045	13.355045	13.355045	13.355045	17.296711	17.296711	17.296711	17.296711	17.296711	17.296711	17.296711	17.296711	17.296711	17.296711	21.238378	21.238378	21.238378	21.238378	21.238378	21.238378	21.238378	21.238378	21.238378	21.238378	25.180045	25.180045	25.180045	25.180045	25.180045	25.180045	25.180045	25.180045	25.180045	25.180045	29.121711	29.121711	29.121711	29.121711	29.121711	29.121711	29.121711	29.121711	29.121711	29.121711	33.063378	33.063378	33.063378	33.063378	33.063378	33.063378	33.063378	33.063378	33.063378	33.063378
9.710622	9.710622	9.710622	9.710622	9.710622	9.710622	9.710622	9.710622	9.710622	9.710622	13.652289	13.652289	13.652289	13.652289	13.652289	13.652289	13.652289	13.652289	13.652289	13.652289	17.593955	17.593955	17.593955	17.593955	17.593955	17.593955	17.593955	17.593955	17.593955	17.593955	21.535622	21.535622	21.535622	21.535622	21.535622	21.535622	21.535622	21.535622	21.535622	21.535622	25.477289	25.477289	25.477289	25.477289	25.477289	25.477289	25.477289	25.477289	25.477289	25.477289	29.418955	29.418955	29.418955	29.418955	29.418955	29.418955	29.418955	29.418955	29.418955	29.418955	33.360622	33.360622	33.360622	33.360622	33.360622	33.360622	33.360622	33.360622	33.360622	33.360622
10.007472	10.007472	10.007472	10.007472	10.007472	10.007472	10.007472	10.007472	10.007472	10.007472	13.949139	13.949139	13.949139	13.949139	13.949139	13.949139	13.949139	13.949139	13.949139	13.949139	17.890806	17.890806	17.890806	17.890806	17.890806	17.890806	17.890806	17.890806	17.890806	17.890806	21.832472	21.832472	21.832472	21.832472	21.832472	21.832472	21.832472	21.832472	21.832472	21.832472	25.774139	25.774139	25.774139	25.774139	25.774139	25.774139	25.774139	25.774139	25.774139	25.774139	29.715806	29.715806	29.715806	29.715806	29.715806	29.715806	29.715806	29.715806	29.715806	29.715806	33.657472	33.657472	33.657472	33.657472	33.657472	33.657472	33.657472	33.657472	33.657472	33.657472
10.304323	10.304323	10.304323	10.304323	10.304323	10.304323	10.304323	10.304323	10.304323	10.304323	14.245989	14.245989	14.245989	14.245989	14.245989	14.245989	14.245989	14.245989	14.245989	14.245989	18.187656	18.187656	18.187656	18.187656	18.187656	18.187656	18.187656	18.187656	18.187656	18.187656	22.129323	22.129323	22.129323	22.129323	22.129323	22.129323	22.129323	22.129323	22.129323	22.129323	26.070989	26.070989	26.070989	26.070989	26.070989	26.070989	26.070989	26.070989	26.070989	26.070989	30.012656	30.012656	30.012656	30.012656	30.012656	30.012656	30.012656	30.012656	30.012656	30.012656	33.954323	33.954323	33.954323	33.954323	33.954323	33.954323	33.954323	33.954323	33.954323	33.954323
10.601173	10.601173	10.601173	10.601173	10.601173	10.601173	10.601173	10.601173	10.601173	10.601173	14.54284	14.54284	14.54284	14.54284	14.54284	14.54284	14.54284	14.54284	14.54284	14.54284	18.484507	18.484507	18.484507	18.484507	18.484507	18.484507	18.484507	18.484507	18.484507	18.484507	22.426173	22.426173	22.426173	22.426173	22.426173	22.426173	22.426173	22.426173	22.426173	22.426173	26.36784	26.36784	26.36784	26.36784	26.36784	26.36784	26.36784	26.36784	26.36784	26.36784	30.309507	30.309507	30.309507	30.309507	30.309507	30.309507	30.309507	30.309507	30.309507	30.309507	34.251173	34.251173	34.251173	34.251173	34.251173	34.251173	34.251173	34.251173	34.251173	34.251173
11.005898	11.005898	11.005898	11.005898	11.005898	11.005898	11.005898	11.005898	11.005898	11.005898	14.947564	14.947564	14.947564	14.947564	14.947564	14.947564	14.947564	14.947564	14.947564	14.947564	18.889231	18.889231	18.889231	18.889231	18.889231	18.889231	18.889231	18.889231	18.889231	18.889231	22.830898	22.830898	22.830898	22.830898	22.830898	22.830898	22.830898	22.830898	22.830898	22.830898	26.772564	26.772564	26.772564	26.772564	26.772564	26.772564	26.772564	26.772564	26.772564	26.772564	30.714231	30.714231	30.714231	30.714231	30.714231	30.714231	30.714231	30.714231	30.714231	30.714231	34.655898	34.655898	34.655898	34.655898	34.655898	34.655898	34.655898	34.655898	34.655898	34.655898
11.411016	11.411016	11.411016	11.411016	11.411016	11.411016	11.411016	11.411016	11.411016	11.411016	15.352682	15.352682	15.352682	15.352682	15.352682	15.352682	15.352682	15.352682	15.352682	15.352682	19.294349	19.294349	19.294349	19.294349	19.294349	19.294349	19.294349	19.294349	19.294349	19.294349	23.236016	23.236016	23.236016	23.236016	23.236016	23.236016	23.236016	23.236016	23.236016	23.236016	27.177682	27.177682	27.177682	27.177682	27.177682	27.177682	27.177682	27.177682	27.177682	27.177682	31.119349	31.119349	31.119349	31.119349	31.119349	31.119349	31.119349	31.119349	31.119349	31.119349	35.061016	35.061016	35.061016	35.061016	35.061016	35.061016	35.061016	35.061016	35.061016	35.061016
11.816134	11.816134	11.816134	11.816134	11.816134	11.816134	11.816134	11.816134	11.816134	11.816134	15.757801	15.757801	15.757801	15.757801	15.757801	15.757801	15.757801	15.757801	15.757801	15.757801	19.699467	19.699467	19.699467	19.699467	19.699467	19.699467	19.699467	19.699467	19.699467	19.699467	23.641134	23.641134	23.641134	23.641134	23.641134	23.641134	23.641134	23.641134	23.641134	23.641134	27.582801	27.582801	27.582801	27.582801	27.582801	27.582801	27.582801	27.582801	27.582801	27.582801	31.524467	31.524467	31.524467	31.524467	31.524467	31.524467	31.524467	31.524467	31.524467	31.524467	35.466134	35.466134	35.466134	35.466134	35.466134	35.466134	35.466134	35.466134	35.466134	35.466134
12.221252	12.221252	12.221252	12.221252	12.221252	12.221252	12.221252	12.221252	12.221252	12.221252	16.162919	16.162919	16.162919	16.162919	16.162919	16.162919	16.162919	16.162919	16.162919	16.162919	20.104585	20.104585	20.104585	20.104585	20.104585	20.104585	20.104585	20.104585	20.104585	20.104585	24.046252	24.046252	24.046252	24.046252	24.046252	24.046252	24.046252	24.046252	24.046252	24.046252	27.987919	27.987919	27.987919	27.987919	27.987919	27.987919	27.987919	27.987919	27.987919	27.987919	31.929585	31.929585	31.929585	31.929585	31.929585	31.929585	31.929585	31.929585	31.929585	31.929585	35.871252	35.871252	35.871252	35.871252	35.871252	35.871252	35.871252	35.871252	35.871252	35.871252
12.625976	12.625976	12.625976	12.625976	12.625976	12.625976	12.625976	12.625976	12.625976	12.625976	16.567643	16.567643	16.567643	16.567643	16.567643	16.567643	16.567643	16.567643	16.567643	16.567643	20.50931	20.50931	20.50931	20.50931	20.50931	20.50931	20.50931	20.50931	20.50931	20.50931	24.450976	24.450976	24.450976	24.450976	24.450976	24.450976	24.450976	24.450976	24.450976	24.450976	28.392643	28.392643	28.392643	28.392643	28.392643	28.392643	28.392643	28.392643	28.392643	28.392643	32.33431	32.33431	32.33431	32.33431	32.33431	32.33431	32.33431	32.33431	32.33431	32.33431	36.275976	36.275976	36.275976	36.275976	36.275976	36.275976	36.275976	36.275976	36.275976	36.275976
13.031094	13.031094	13.031094	13.031094	13.031094	13.031094	13.031094	13.031094	13.031094	13.031094	16.972761	16.972761	16.972761	16.972761	16.972761	16.972761	16.972761	16.972761	16.972761	16.972761	20.914428	20.914428	20.914428	20.914428	20.914428	20.914428	20.914428	20.914428	20.914428	20.914428	24.856094	24.856094	24.856094	24.856094	24.856094	24.856094	24.856094	24.856094	24.856094	24.856094	28.797761	28.797761	28.797761	28.797761	28.797761	28.797761	28.797761	28.797761	28.797761	28.797761	32.739428	32.739428	32.739428	32.739428	32.739428	32.739428	32.739428	32.739428	32.739428	32.739428	36.681094	36.681094	36.681094	36.681094	36.681094	36.681094	36.681094	36.681094	36.681094	36.681094
13.436213	13.436213	13.436213	13.436213	13.436213	13.436213	13.436213	13.436213	13.436213	13.436213	17.377879	17.377879	17.377879	17.377879	17.377879	17.377879	17.377879	17.377879	17.377879	17.377879	21.319546	21.319546	21.319546	21.319546	21.319546	21.319546	21.319546	21.319546	21.319546	21.319546	25.261213	25.261213	25.261213	25.261213	25.261213	25.261213	25.261213	25.261213	25.261213	25.261213	29.202879	29.202879	29.202879	29.202879	29.202879	29.202879	29.202879	29.202879	29.202879	29.202879	33.144546	33.144546	33.144546	33.144546	33.144546	33.144546	33.144546	33.144546	33.144546	33.144546	37.086213	37.086213	37.086213	37.086213	37.086213	37.086213	37.086213	37.086213	37.086213	37.086213
13.874402	13.874402	13.874402	13.874402	13.874402	13.874402	13.874402	13.874402	13.874402	13.874402	17.816068	17.816068	17.816068	17.816068	17.816068	17.816068	17.816068	17.816068	17.816068	17.816068	21.757735	21.757735	21.757735	21.757735	21.757735	21.757735	21.757735	21.757735	21.757735	21.757735	25.699402	25.699402	25.699402	25.699402	25.699402	25.699402	25.699402	25.699402	25.699402	25.699402	29.641068	29.641068	29.641068	29.641068	29.641068	29.641068	29.641068	29.641068	29.641068	29.641068	33.582735	33.582735	33.582735	33.582735	33.582735	33.582735	33.582735	33.582735	33.582735	33.582735	37.524402	37.524402	37.524402	37.524402	37.524402	37.524402	37.524402	37.524402	37.524402	37.524402
6.5	6.5	6.5	6.5	6.5	6.5	6.5	6.5	6.5	6.5	6.5	6.5	6.5	6.5	6.5	6.5	6.5	6.5	6.5	6.5	6.5	6.5	6.5	6.5	6.5	6.5	6.5	6.5	6.5	6.5	6.5	6.5	6.5	6.5	6.5	6.5	6.5	6.5	6.5	6.5	6.5	6.5	6.5	6.5	6.5	6.5	6.5	6.5	6.5	6.5	6.5	6.5	6.5	6.5	6.5	6.5	6.5	6.5	6.5	6.5	6.5	6.5	6.5	6.5	6.5	6.5	6.5	6.5	6.5	6.5
6.5	6.5	6.5	6.5	6.5	6.5	6.5	6.5	6.5	6.5	6.5	6.5	6.5	6.5	6.5	6.5	6.5	6.5	6.5	6.5	6.5	6.5	6.5	6.5	6.5	6.5	6.5	6.5	6.5	6.5	6.5	6.5	6.5	6.5	6.5	6.5	6.5	6.5	6.5	6.5	6.5	6.5	6.5	6.5	6.5	6.5	6.5	6.5	6.5	6.5	6.5	6.5	6.5	6.5	6.5	6.5	6.5	6.5	6.5	6.5	6.5	6.5	6.5	6.5	6.5	6.5	6.5	6.5	6.5	6.5
6.5	6.5	6.5	6.5	6.5	6.5	6.5	6.5	6.5	6.5	6.5	6.5	6.5	6.5	6.5	6.5	6.5	6.5	6.5	6.5	6.5	6.5	6.5	6.5	6.5	6.5	6.5	6.5	6.5	6.5	6.5	6.5	6.5	6.5	6.5	6.5	6.5	6.5	6.5	6.5	6.5	6.5	6.5	6.5	6.5	6.5	6.5	6.5	6.5	6.5	6.5	6.5	6.5	6.5	6.5	6.5	6.5	6.5	6.5	6.5	6.5	6.5	6.5	6.5	6.5	6.5	6.5	6.5	6.5	6.5
6.5	6.5	6.5	6.5	6.5	6.5	6.5	6.5	6.5	6.5	6.5	6.5	6.5	6.5	6.5	6.5	6.5	6.5	6.5	6.5	6.5	6.5	6.5	6.5	6.5	6.5	6.5	6.5	6.5	6.5	6.5	6.5	6.5	6.5	6.5	6.5	6.5	6.5	6.5	6.5	6.5	6.5	6.5	6.5	6.5	6.5	6.5	6.5	6.5	6.5	6.5	6.5	6.5	6.5	6.5	6.5	6.5	6.5	6.5	6.5	6.5	6.5	6.5	6.5	6.5	6.5	6.5	6.5	6.5	6.5
6.5	6.5	6.5	6.5	6.5	6.5	6.5	6.5	6.5	6.5	6.5	6.5	6.5	6.5	6.5	6.5	6.5	6.5	6.5	6.5	6.5	6.5	6.5	6.5	6.5	6.5	6.5	6.5	6.5	6.5	6.5	6.5	6.5	6.5	6.5	6.5	6.5	6.5	6.5	6.5	6.5	6.5	6.5	6.5	6.5	6.5	6.5	6.5	6.5	6.5	6.5	6.5	6.5	6.5	6.5	6.5	6.5	6.5	6.5	6.5	6.5	6.5	6.5	6.5	6.5	6.5	6.5	6.5	6.5	6.5
6.5	6.5	6.5	6.5	6.5	6.5	6.5	6.5	6.5	6.5	6.5	6.5	6.5	6.5	6.5	6.5	6.5	6.5	6.5	6.5	6.5	6.5	6.5	6.5	6.5	6.5	6.5	6.5	6.5	6.5	6.5	6.5	6.5	6.5	6.5	6.5	6.5	6.5	6.5	6.5	6.5	6.5	6.5	6.5	6.5	6.5	6.5	6.5	6.5	6.5	6.5	6.5	6.5	6.5	6.5	6.5	6.5	6.5	6.5	6.5	6.5	6.5	6.5	6.5	6.5	6.5	6.5	6.5	6.5	6.5
6.5	6.5	6.5	6.5	6.5	6.5	6.5	6.5	6.5	6.5	6.5	6.5	6.5	6.5	6.5	6.5	6.5	6.5	6.5	6.5	6.5	6.5	6.5	6.5	6.5	6.5	6.5	6.5	6.5	6.5	6.5	6.5	6.5	6.5	6.5	6.5	6.5	6.5	6.5	6.5	6.5	6.5	6.5	6.5	6.5	6.5	6.5	6.5	6.5	6.5	6.5	6.5	6.5	6.5	6.5	6.5	6.5	6.5	6.5	6.5	6.5	6.5	6.5	6.5	6.5	6.5	6.5	6.5	6.5	6.5
6.5	6.5	6.5	6.5	6.5	6.5	6.5	6.5	6.5	6.5	6.5	6.5	6.5	6.5	6.5	6.5	6.5	6.5	6.5	6.5	6.5	6.5	6.5	6.5	6.5	6.5	6.5	6.5	6.5	6.5	6.5	6.5	6.5	6.5	6.5	6.5	6.5	6.5	6.5	6.5	6.5	6.5	6.5	6.5	6.5	6.5	6.5	6.5	6.5	6.5	6.5	6.5	6.5	6.5	6.5	6.5	6.5	6.5	6.5	6.5	6.5	6.5	6.5	6.5	6.5	6.5	6.5	6.5	6.5	6.5
6.5	6.5	6.5	6.5	6.5	6.5	6.5	6.5	6.5	6.5	6.5	6.5	6.5	6.5	6.5	6.5	6.5	6.5	6.5	6.5	6.5	6.5	6.5	6.5	6.5	6.5	6.5	6.5	6.5	6.5	6.5	6.5	6.5	6.5	6.5	6.5	6.5	6.5	6.5	6.5	6.5	6.5	6.5	6.5	6.5	6.5	6.5	6.5	6.5	6.5	6.5	6.5	6.5	6.5	6.5	6.5	6.5	6.5	6.5	6.5	6.5	6.5	6.5	6.5	6.5	6.5	6.5	6.5	6.5	6.5
6.5	6.5	6.5	6.5	6.5	6.5	6.5	6.5	6.5	6.5	6.5	6.5	6.5	6.5	6.5	6.5	6.5	6.5	6.5	6.5	6.5	6.5	6.5	6.5	6.5	6.5	6.5	6.5	6.5	6.5	6.5	6.5	6.5	6.5	6.5	6.5	6.5	6.5	6.5	6.5	6.5	6.5	6.5	6.5	6.5	6.5	6.5	6.5	6.5	6.5	6.5	6.5	6.5	6.5	6.5	6.5	6.5	6.5	6.5	6.5	6.5	6.5	6.5	6.5	6.5	6.5	6.5	6.5	6.5	6.5
6.5	6.5	6.5	6.5	6.5	6.5	6.5	6.5	6.5	6.5	6.5	6.5	6.5	6.5	6.5	6.5	6.5	6.5	6.5	6.5	6.5	6.5	6.5	6.5	6.5	6.5	6.5	6.5	6.5	6.5	6.5	6.5	6.5	6.5	6.5	6.5	6.5	6.5	6.5	6.5	6.5	6.5	6.5	6.5	6.5	6.5	6.5	6.5	6.5	6.5	6.5	6.5	6.5	6.5	6.5	6.5	6.5	6.5	6.5	6.5	6.5	6.5	6.5	6.5	6.5	6.5	6.5	6.5	6.5	6.5
6.5	6.5	6.5	6.5	6.5	6.5	6.5	6.5	6.5	6.5	6.5	6.5	6.5	6.5	6.5	6.5	6.5	6.5	6.5	6.5	6.5	6.5	6.5	6.5	6.5	6.5	6.5	6.5	6.5	6.5	6.5	6.5	6.5	6.5	6.5	6.5	6.5	6.5	6.5	6.5	6.5	6.5	6.5	6.5	6.5	6.5	6.5	6.5	6.5	6.5	6.5	6.5	6.5	6.5	6.5	6.5	6.5	6.5	6.5	6.5	6.5	6.5	6.5	6.5	6.5	6.5	6.5	6.5	6.5	6.5
6.5	6.5	6.5	6.5	6.5	6.5	6.5	6.5	6.5	6.5	6.5	6.5	6.5	6.5	6.5	6.5	6.5	6.5	6.5	6.5	6.5	6.5	6.5	6.5	6.5	6.5	6.5	6.5	6.5	6.5	6.5	6.5	6.5	6.5	6.5	6.5	6.5	6.5	6.5	6.5	6.5	6.5	6.5	6.5	6.5	6.5	6.5	6.5	6.5	6.5	6.5	6.5	6.5	6.5	6.5	6.5	6.5	6.5	6.5	6.5	6.5	6.5	6.5	6.5	6.5	6.5	6.5	6.5	6.5	6.5
6.5	6.5	6.5	6.5	6.5	6.5	6.5	6.5	6.5	6.5	6.5	6.5	6.5	6.5	6.5	6.5	6.5	6.5	6.5	6.5	6.5	6.5	6.5	6.5	6.5	6.5	6.5	6.5	6.5	6.5	6.5	6.5	6.5	6.5	6.5	6.5	6.5	6.5	6.5	6.5	6.5	6.5	6.5	6.5	6.5	6.5	6.5	6.5	6.5	6.5	6.5	6.5	6.5	6.5	6.5	6.5	6.5	6.5	6.5	6.5	6.5	6.5	6.5	6.5	6.5	6.5	6.5	6.5	6.5	6.5
6.5	6.5	6.5	6.5	6.5	6.5	6.5	6.5	6.5	6.5	6.5	6.5	6.5	6.5	6.5	6.5	6.5	6.5	6.5	6.5	6.5	6.5	6.5	6.5	6.5	6.5	6.5	6.5	6.5	6.5	6.5	6.5	6.5	6.5	6.5	6.5	6.5	6.5	6.5	6.5	6.5	6.5	6.5	6.5	6.5	6.5	6.5	6.5	6.5	6.5	6.5	6.5	6.5	6.5	6.5	6.5	6.5	6.5	6.5	6.5	6.5	6.5	6.5	6.5	6.5	6.5	6.5	6.5	6.5	6.5
6.5	6.5	6.5	6.5	6.5	6.5	6.5	6.5	6.5	6.5	6.5	6.5	6.5	6.5	6.5	6.5	6.5	6.5	6.5	6.5	6.5	6.5	6.5	6.5	6.5	6.5	6.5	6.5	6.5	6.5	6.5	6.5	6.5	6.5	6.5	6.5	6.5	6.5	6.5	6.5	6.5	6.5	6.5	6.5	6.5	6.5	6.5	6.5	6.5	6.5	6.5	6.5	6.5	6.5	6.5	6.5	6.5	6.5	6.5	6.5	6.5	6.5	6.5	6.5	6.5	6.5	6.5	6.5	6.5	6.5
6.5	6.5	6.5	6.5	6.5	6.5	6.5	6.5	6.5	6.5	6.5	6.5	6.5	6.5	6.5	6.5	6.5	6.5	6.5	6.5	6.5	6.5	6.5	6.5	6.5	6.5	6.5	6.5	6.5	6.5	6.5	6.5	6.5	6.5	6.5	6.5	6.5	6.5	6.5	6.5	6.5	6.5	6.5	6.5	6.5	6.5	6.5	6.5	6.5	6.5	6.5	6.5	6.5	6.5	6.5	6.5	6.5	6.5	6.5	6.5	6.5	6.5	6.5	6.5	6.5	6.5	6.5	6.5	6.5	6.5
6.5	6.5	6.5	6.5	6.5	6.5	6.5	6.5	6.5	6.5	6.5	6.5	6.5	6.5	6.5	6.5	6.5	6.5	6.5	6.5	6.5	6.5	6.5	6.5	6.5	6.5	6.5	6.5	6.5	6.5	6.5	6.5	6.5	6.5	6.5	6.5	6.5	6.5	6.5	6.5	6.5	6.5	6.5	6.5	6.5	6.5	6.5	6.5	6.5	6.5	6.5	6.5	6.5	6.5	6.5	6.5	6.5	6.5	6.5	6.5	6.5	6.5	6.5	6.5	6.5	6.5	6.5	6.5	6.5	6.5
6.5	6.5	6.5	6.5	6.5	6.5	6.5	6.5	6.5	6.5	6.5	6.5	6.5	6.5	6.5	6.5	6.5	6.5	6.5	6.5	6.5	6.5	6.5	6.5	6.5	6.5	6.5	6.5	6.5	6.5	6.5	6.5	6.5	6.5	6.5	6.5	6.5	6.5	6.5	6.5	6.5	6.5	6.5	6.5	6.5	6.5	6.5	6.5	6.5	6.5	6.5	6.5	6.5	6.5	6.5	6.5	6.5	6.5	6.5	6.5	6.5	6.5	6.5	6.5	6.5	6.5	6.5	6.5	6.5	6.5
6.5	6.5	6.5	6.5	6.5	6.5	6.5	6.5	6.5	6.5	6.5	6.5	6.5	6.5	6.5	6.5	6.5	6.5	6.5	6.5	6.5	6.5	6.5	6.5	6.5	6.5	6.5	6.5	6.5	6.5	6.5	6.5	6.5	6.5	6.5	6.5	6.5	6.5	6.5	6.5	6.5	6.5	6.5	6.5	6.5	6.5	6.5	6.5	6.5	6.5	6.5	6.5	6.5	6.5	6.5	6.5	6.5	6.5	6.5	6.5	6.5	6.5	6.5	6.5	6.5	6.5	6.5	6.5	6.5	6.5
6.5	6.5	6.5	6.5	6.5	6.5	6.5	6.5	6.5	6.5	6.5	6.5	6.5	6.5	6.5	6.5	6.5	6.5	6.5	6.5	6.5	6.5	6.5	6.5	6.5	6.5	6.5	6.5	6.5	6.5	6.5	6.5	6.5	6.5	6.5	6.5	6.5	6.5	6.5	6.5	6.5	6.5	6.5	6.5	6.5	6.5	6.5	6.5	6.5	6.5	6.5	6.5	6.5	6.5	6.5	6.5	6.5	6.5	6.5	6.5	6.5	6.5	6.5	6.5	6.5	6.5	6.5	6.5	6.5	6.5
6.5	6.5	6.5	6.5	6.5	6.5	6.5	6.5	6.5	6.5	6.5	6.5	6.5	6.5	6.5	6.5	6.5	6.5	6.5	6.5	6.5	6.5	6.5	6.5	6.5	6.5	6.5	6.5	6.5	6.5	6.5	6.5	6.5	6.5	6.5	6.5	6.5	6.5	6.5	6.5	6.5	6.5	6.5	6.5	6.5	6.5	6.5	6.5	6.5	6.5	6.5	6.5	6.5	6.5	6.5	6.5	6.5	6.5	6.5	6.5	6.5	6.5	6.5	6.5	6.5	6.5	6.5	6.5	6.5	6.5
6.5	6.5	6.5	6.5	6.5	6.5	6.5	6.5	6.5	6.5	6.5	6.5	6.5	6.5	6.5	6.5	6.5	6.5	6.5	6.5	6.5	6.5	6.5	6.5	6.5	6.5	6.5	6.5	6.5	6.5	6.5	6.5	6.5	6.5	6.5	6.5	6.5	6.5	6.5	6.5	6.5	6.5	6.5	6.5	6.5	6.5	6.5	6.5	6.5	6.5	6.5	6.5	6.5	6.5	6.5	6.5	6.5	6.5	6.5	6.5	6.5	6.5	6.5	6.5	6.5	6.5	6.5	6.5	6.5	6.5
6.5	6.5	6.5	6.5	6.5	6.5	6.5	6.5	6.5	6.5	6.5	6.5	6.5	6.5	6.5	6.5	6.5	6.5	6.5	6.5	6.5	6.5	6.5	6.5	6.5	6.5	6.5	6.5	6.5	6.5	6.5	6.5	6.5	6.5	6.5	6.5	6.5	6.5	6.5	6.5	6.5	6.5	6.5	6.5	6.5	6.5	6.5	6.5	6.5	6.5	6.5	6.5	6.5	6.5	6.5	6.5	6.5	6.5	6.5	6.5	6.5	6.5	6.5	6.5	6.5	6.5	6.5	6.5	6.5	6.5
6.5	6.5	6.5	6.5	6.5	6.5	6.5	6.5	6.5	6.5	6.5	6.5	6.5	6.5	6.5	6.5	6.5	6.5	6.5	6.5	6.5	6.5	6.5	6.5	6.5	6.5	6.5	6.5	6.5	6.5	6.5	6.5	6.5	6.5	6.5	6.5	6.5	6.5	6.5	6.5	6.5	6.5	6.5	6.5	6.5	6.5	6.5	6.5	6.5	6.5	6.5	6.5	6.5	6.5	6.5	6.5	6.5	6.5	6.5	6.5	6.5	6.5	6.5	6.5	6.5	6.5	6.5	6.5	6.5	6.5
6.5	6.5	6.5	6.5	6.5	6.5	6.5	6.5	6.5	6.5	6.5	6.5	6.5	6.5	6.5	6.5	6.5	6.5	6.5	6.5	6.5	6.5	6.5	6.5	6.5	6.5	6.5	6.5	6.5	6.5	6.5	6.5	6.5	6.5	6.5	6.5	6.5	6.5	6.5	6.5	6.5	6.5	6.5	6.5	6.5	6.5	6.5	6.5	6.5	6.5	6.5	6.5	6.5	6.5	6.5	6.5	6.5	6.5	6.5	6.5	6.5	6.5	6.5	6.5	6.5	6.5	6.5	6.5	6.5	6.5
6.5	6.5	6.5	6.5	6.5	6.5	6.5	6.5	6.5	6.5	6.5	6.5	6.5	6.5	6.5	6.5	6.5	6.5	6.5	6.5	6.5	6.5	6.5	6.5	6.5	6.5	6.5	6.5	6.5	6.5	6.5	6.5	6.5	6.5	6.5	6.5	6.5	6.5	6.5	6.5	6.5	6.5	6.5	6.5	6.5	6.5	6.5	6.5	6.5	6.5	6.5	6.5	6.5	6.5	6.5	6.5	6.5	6.5	6.5	6.5	6.5	6.5	6.5	6.5	6.5	6.5	6.5	6.5	6.5	6.5
6.5	6.5	6.5	6.5	6.5	6.5	6.5	6.5	6.5	6.5	6.5	6.5	6.5	6.5	6.5	6.5	6.5	6.5	6.5	6.5	6.5	6.5	6.5	6.5	6.5	6.5	6.5	6.5	6.5	6.5	6.5	6.5	6.5	6.5	6.5	6.5	6.5	6.5	6.5	6.5	6.5	6.5	6.5	6.5	6.5	6.5	6.5	6.5	6.5	6.5	6.5	6.5	6.5	6.5	6.5	6.5	6.5	6.5	6.5	6.5	6.5	6.5	6.5	6.5	6.5	6.5	6.5	6.5	6.5	6.5
6.5	6.5	6.5	6.5	6.5	6.5	6.5	6.5	6.5	6.5	6.5	6.5	6.5	6.5	6.5	6.5	6.5	6.5	6.5	6.5	6.5	6.5	6.5	6.5	6.5	6.5	6.5	6.5	6.5	6.5	6.5	6.5	6.5	6.5	6.5	6.5	6.5	6.5	6.5	6.5	6.5	6.5	6.5	6.5	6.5	6.5	6.5	6.5	6.5	6.5	6.5	6.5	6.5	6.5	6.5	6.5	6.5	6.5	6.5	6.5	6.5	6.5	6.5	6.5	6.5	6.5	6.5	6.5	6.5	6.5
6.5	6.5	6.5	6.5	6.5	6.5	6.5	6.5	6.5	6.5	6.5	6.5	6.5	6.5	6.5	6.5	6.5	6.5	6.5	6.5	6.5	6.5	6.5	6.5	6.5	6.5	6.5	6.5	6.5	6.5	6.5	6.5	6.5	6.5	6.5	6.5	6.5	6.5	6.5	6.5	6.5	6.5	6.5	6.5	6.5	6.5	6.5	6.5	6.5	6.5	6.5	6.5	6.5	6.5	6.5	6.5	6.5	6.5	6.5	6.5	6.5	6.5	6.5	6.5	6.5	6.5	6.5	6.5	6.5	6.5
6.5	6.5	6.5	6.5	6.5	6.5	6.5	6.5	6.5	6.5	6.5	6.5	6.5	6.5	6.5	6.5	6.5	6.5	6.5	6.5	6.5	6.5	6.5	6.5	6.5	6.5	6.5	6.5	6.5	6.5	6.5	6.5	6.5	6.5	6.5	6.5	6.5	6.5	6.5	6.5	6.5	6.5	6.5	6.5	6.5	6.5	6.5	6.5	6.5	6.5	6.5	6.5	6.5	6.5	6.5	6.5	6.5	6.5	6.5	6.5	6.5	6.5	6.5	6.5	6.5	6.5	6.5	6.5	6.5	6.5
6.5	6.5	6.5	6.5	6.5	6.5	6.5	6.5	6.5	6.5	6.5	6.5	6.5	6.5	6.5	6.5	6.5	6.5	6.5	6.5	6.5	6.5	6.5	6.5	6.5	6.5	6.5	6.5	6.5	6.5	6.5	6.5	6.5	6.5	6.5	6.5	6.5	6.5	6.5	6.5	6.5	6.5	6.5	6.5	6.5	6.5	6.5	6.5	6.5	6.5	6.5	6.5	6.5	6.5	6.5	6.5	6.5	6.5	6.5	6.5	6.5	6.5	6.5	6.5	6.5	6.5	6.5	6.5	6.5	6.5
6.5	6.5	6.5	6.5	6.5	6.5	6.5	6.5	6.5	6.5	6.5	6.5	6.5	6.5	6.5	6.5	6.5	6.5	6.5	6.5	6.5	6.5	6.5	6.5	6.5	6.5	6.5	6.5	6.5	6.5	6.5	6.5	6.5	6.5	6.5	6.5	6.5	6.5	6.5	6.5	6.5	6.5	6.5	6.5	6.5	6.5	6.5	6.5	6.5	6.5	6.5	6.5	6.5	6.5	6.5	6.5	6.5	6.5	6.5	6.5	6.5	6.5	6.5	6.5	6.5	6.5	6.5	6.5	6.5	6.5
6.5	6.5	6.5	6.5	6.5	6.5	6.5	6.5	6.5	6.5	6.5	6.5	6.5	6.5	6.5	6.5	6.5	6.5	6.5	6.5	6.5	6.5	6.5	6.5	6.5	6.5	6.5	6.5	6.5	6.5	6.5	6.5	6.5	6.5	6.5	6.5	6.5	6.5	6.5	6.5	6.5	6.5	6.5	6.5	6.5	6.5	6.5	6.5	6.5	6.5	6.5	6.5	6.5	6.5	6.5	6.5	6.5	6.5	6.5	6.5	6.5	6.5	6.5	6.5	6.5	6.5	6.5	6.5	6.5	6.5
6.5	6.5	6.5	6.5	6.5	6.5	6.5	6.5	6.5	6.5	6.5	6.5	6.5	6.5	6.5	6.5	6.5	6.5	6.5	6.5	6.5	6.5	6.5	6.5	6.5	6.5	6.5	6.5	6.5	6.5	6.5	6.5	6.5	6.5	6.5	6.5	6.5	6.5	6.5	6.5	6.5	6.5	6.5	6.5	6.5	6.5	6.5	6.5	6.5	6.5	6.5	6.5	6.5	6.5	6.5	6.5	6.5	6.5	6.5	6.5	6.5	6.5	6.5	6.5	6.5	6.5	6.5	6.5	6.5	6.5
6.5	6.5	6.5	6.5	6.5	6.5	6.5	6.5	6.5	6.5	6.5	6.5	6.5	6.5	6.5	6.5	6.5	6.5	6.5	6.5	6.5	6.5	6.5	6.5	6.5	6.5	6.5	6.5	6.5	6.5	6.5	6.5	6.5	6.5	6.5	6.5	6.5	6.5	6.5	6.5	6.5	6.5	6.5	6.5	6.5	6.5	6.5	6.5	6.5	6.5	6.5	6.5	6.5	6.5	6.5	6.5	6.5	6.5	6.5	6.5	6.5	6.5	6.5	6.5	6.5	6.5	6.5	6.5	6.5	6.5
6.5	6.5	6.5	6.5	6.5	6.5	6.5	6.5	6.5	6.5	6.5	6.5	6.5	6.5	6.5	6.5	6.5	6.5	6.5	6.5	6.5	6.5	6.5	6.5	6.5	6.5	6.5	6.5	6.5	6.5	6.5	6.5	6.5	6.5	6.5	6.5	6.5	6.5	6.5	6.5	6.5	6.5	6.5	6.5	6.5	6.5	6.5	6.5	6.5	6.5	6.5	6.5	6.5	6.5	6.5	6.5	6.5	6.5	6.5	6.5	6.5	6.5	6.5	6.5	6.5	6.5	6.5	6.5	6.5	6.5
6.5	6.5	6.5	6.5	6.5	6.5	6.5	6.5	6.5	6.5	6.5	6.5	6.5	6.5	6.5	6.5	6.5	6.5	6.5	6.5	6.5	6.5	6.5	6.5	6.5	6.5	6.5	6.5	6.5	6.5	6.5	6.5	6.5	6.5	6.5	6.5	6.5	6.5	6.5	6.5	6.5	6.5	6.5	6.5	6.5	6.5	6.5	6.5	6.5	6.5	6.5	6.5	6.5	6.5	6.5	6.5	6.5	6.5	6.5	6.5	6.5	6.5	6.5	6.5	6.5	6.5	6.5	6.5	6.5	6.5
6.5	6.5	6.5	6.5	6.5	6.5	6.5	6.5	6.5	6.5	6.5	6.5	6.5	6.5	6.5	6.5	6.5	6.5	6.5	6.5	6.5	6.5	6.5	6.5	6.5	6.5	6.5	6.5	6.5	6.5	6.5	6.5	6.5	6.5	6.5	6.5	6.5	6.5	6.5	6.5	6.5	6.5	6.5	6.5	6.5	6.5	6.5	6.5	6.5	6.5	6.5	6.5	6.5	6.5	6.5	6.5	6.5	6.5	6.5	6.5	6.5	6.5	6.5	6.5	6.5	6.5	6.5	6.5	6.5	6.5
6.5	6.5	6.5	6.5	6.5	6.5	6.5	6.5	6.5	6.5	6.5	6.5	6.5	6.5	6.5	6.5	6.5	6.5	6.5	6.5	6.5	6.5	6.5	6.5	6.5	6.5	6.5	6.5	6.5	6.5	6.5	6.5	6.5	6.5	6.5	6.5	6.5	6.5	6.5	6.5	6.5	6.5	6.5	6.5	6.5	6.5	6.5	6.5	6.5	6.5	6.5	6.5	6.5	6.5	6.5	6.5	6.5	6.5	6.5	6.5	6.5	6.5	6.5	6.5	6.5	6.5	6.5	6.5	6.5	6.5
1.286281	1.286281	1.286281	1.29329	1.286281	1.289786	1.289786	1.289786	1.29329	1.289786	1.286281	1.282776	1.282776	1.286281	1.279271	1.286281	1.286281	1.282776	1.279271	1.282776	1.265252	1.265252	1.265252	1.261748	1.261747	1.261747	1.268757	1.261747	1.261747	1.268757	1.244222	1.244222	1.244222	1.247727	1.244222	1.247727	1.247727	1.244222	1.244222	1.240718	1.240718	1.237213	1.237213	1.237213	1.237213	1.237213	1.233708	1.233709	1.233708	1.233708	1.226698	1.237213	1.237213	1.233708	1.230204	1.226699	1.233708	1.233708	1.233709	1.230203	1.233708	1.233709	1.230204	1.233708	1.233708	1.237213	1.233708	1.230204	1.233708	1.230204
1.263228	1.26641	1.263228	1.263228	1.260046	1.26641	1.263228	1.26641	1.263228	1.26641	1.26641	1.263228	1.26641	1.269592	1.263228	1.260046	1.26641	1.269592	1.260046	1.263228	1.240954	1.240954	1.244136	1.240955	1.244137	1.244136	1.240955	1.237773	1.237773	1.237773	1.218681	1.218681	1.218681	1.218681	1.215499	1.215499	1.215499	1.215499	1.218681	1.218681	1.212317	1.215499	1.212317	1.212317	1.212317	1.212317	1.212317	1.215499	1.212317	1.212317	1.205953	1.202771	1.205953	1.205953	1.202771	1.202771	1.202771	1.202771	1.202771	1.202771	1.215499	1.212317	1.212317	1.212317	1.209135	1.215499	1.212317	1.209135	1.215499	1.212317
1.265733	1.265733	1.265733	1.265733	1.265733	1.265733	1.265733	1.265733	1.265733	1.265733	1.272377	1.269055	1.275699	1.275699	1.272377	1.272377	1.275405	1.272377	1.272377	1.275699	1.2458	1.2458	1.245513	1.249122	1.2458	1.249122	1.2458	1.2458	1.242478	1.2458	1.215901	1.219223	1.222545	1.219223	1.219223	1.222545	1.219223	1.218942	1.215901	1.219223	1.215901	1.219223	1.215901	1.219223	1.219223	1.219223	1.212579	1.219223	1.222263	1.218942	1.212579	1.215901	1.21562	1.212579	1.21562	1.21562	1.212299	1.212579	1.212579	1.215901	1.225585	1.225867	1.222263	1.222263	1.222263	1.225585	1.225585	1.218942	1.225585	1.225585
1.229856	1.23013	1.233043	1.226943	1.226943	1.226943	1.223757	1.23013	1.226943	1.226943	1.226943	1.226943	1.223757	1.223757	1.223757	1.223757	1.226943	1.229856	1.223757	1.23013	1.211009	1.207822	1.204635	1.204635	1.207822	1.204635	1.204635	1.207822	1.207822	1.207822	1.182327	1.182327	1.185514	1.185514	1.182327	1.185514	1.185514	1.185514	1.185514	1.185514	1.17914	1.17914	1.17914	1.175954	1.182327	1.175954	1.17914	1.17914	1.17914	1.175954	1.182327	1.182327	1.17914	1.185514	1.182327	1.17914	1.182327	1.17914	1.182327	1.17914	1.198262	1.195075	1.191888	1.194809	1.191888	1.195075	1.191888	1.191888	1.197996	1.191888
1.252038	1.252038	1.252038	1.252038	1.249028	1.252038	1.246018	1.255047	1.255047	1.252038	1.249028	1.246018	1.243008	1.246018	1.243008	1.243008	1.246018	1.246018	1.246018	1.246018	1.22194	1.22194	1.22194	1.22194	1.22194	1.22194	1.22194	1.22194	1.218931	1.22194	1.203882	1.203882	1.206892	1.203882	1.200872	1.206892	1.206892	1.203882	1.203882	1.203882	1.206892	1.206892	1.209902	1.203881	1.206892	1.209902	1.209902	1.209902	1.206892	1.206892	1.203882	1.203881	1.203882	1.203881	1.200872	1.203882	1.206892	1.203882	1.203882	1.206892	1.224949	1.224949	1.22194	1.22495	1.22194	1.22495	1.22796	1.22194	1.224949	1.22194
1.209308	1.212865	1.209308	1.212865	1.209308	1.212865	1.212865	1.212865	1.209308	1.209308	1.216422	1.212865	1.216422	1.216422	1.212865	1.216422	1.216422	1.219979	1.216422	1.212865	1.184411	1.184411	1.187967	1.184411	1.187967	1.184411	1.184411	1.184411	1.180854	1.184411	1.180854	1.177297	1.184411	1.177297	1.180854	1.180854	1.180854	1.177297	1.184411	1.17374	1.180854	1.180854	1.184411	1.177297	1.180854	1.180854	1.180854	1.180854	1.180854	1.180854	1.177297	1.177297	1.180854	1.177297	1.17374	1.177297	1.180854	1.177297	1.177297	1.180854	1.191524	1.191524	1.191524	1.187967	1.187967	1.191524	1.191524	1.191524	1.191524	1.191524
1.256154	1.259848	1.259848	1.259848	1.263543	1.259848	1.256154	1.259848	1.259848	1.259848	1.263543	1.263543	1.267238	1.267238	1.267238	1.267238	1.267238	1.266913	1.266913	1.267238	1.241376	1.241376	1.24507	1.241376	1.24507	1.237364	1.241376	1.237681	1.241058	1.241376	1.23367	1.23367	1.241376	1.23367	1.23367	1.241376	1.241058	1.237681	1.23367	1.237364	1.229977	1.230292	1.23367	1.226283	1.23367	1.229977	1.229977	1.229977	1.226283	1.229977	1.23367	1.237364	1.237364	1.23367	1.23367	1.23367	1.233986	1.23367	1.237364	1.23367	1.244751	1.244751	1.244751	1.244751	1.244751	1.244751	1.248445	1.241058	1.241058	1.241058
1.150943	1.158274	1.158274	1.154608	1.154608	1.158274	1.154608	1.158274	1.154608	1.158274	1.165604	1.161939	1.165604	1.165604	1.161939	1.165604	1.165604	1.165604	1.161939	1.165604	1.143612	1.139947	1.139947	1.139947	1.143612	1.143612	1.139947	1.143612	1.143612	1.143612	1.12895	1.125285	1.132616	1.12895	1.12895	1.132616	1.12895	1.12895	1.12895	1.12895	1.125285	1.125285	1.12895	1.125285	1.132616	1.12895	1.121619	1.121619	1.12895	1.121619	1.12895	1.132616	1.132616	1.12895	1.12895	1.12895	1.132616	1.12895	1.132616	1.12895	1.143612	1.147277	1.143612	1.147277	1.143612	1.147277	1.147277	1.139947	1.147277	1.147277
1.199576	1.199576	1.199576	1.196307	1.202844	1.199576	1.199576	1.199576	1.196307	1.196307	1.196307	1.199576	1.199576	1.199576	1.193038	1.199576	1.199576	1.196307	1.199576	1.202844	1.179964	1.176695	1.179964	1.179964	1.176695	1.176695	1.179964	1.176695	1.176695	1.179964	1.160352	1.157084	1.157084	1.157084	1.157084	1.157084	1.153815	1.157084	1.157084	1.160352	1.16689	1.16689	1.170158	1.163621	1.16689	1.170158	1.170158	1.173427	1.170158	1.170158	1.16689	1.16689	1.170158	1.170158	1.16689	1.170158	1.16689	1.16689	1.16689	1.16689	1.186501	1.186501	1.186501	1.183233	1.186501	1.186501	1.186501	1.186501	1.186501	1.18977
1.217119	1.22023	1.220519	1.22023	1.22023	1.223919	1.220519	1.22023	1.22023	1.22023	1.206634	1.206634	1.206634	1.210033	1.20012	1.206634	1.206634	1.203235	1.206634	1.210033	1.193038	1.199836	1.196437	1.196437	1.199836	1.196437	1.199836	1.196437	1.196437	1.196437	1.179443	1.176044	1.179443	1.176044	1.176322	1.182842	1.176044	1.172645	1.179443	1.176044	1.189639	1.18624	1.189639	1.189639	1.189639	1.193038	1.189639	1.189639	1.189639	1.189639	1.18624	1.189639	1.189639	1.189639	1.189639	1.18624	1.189639	1.189639	1.18624	1.189639	1.203235	1.203235	1.199836	1.206634	1.203235	1.203235	1.203235	1.199836	1.206634	1.203235
1.16801	1.174031	1.177041	1.174031	1.17102	1.174031	1.17102	1.17102	1.174031	1.17102	1.146938	1.146938	1.146938	1.149948	1.146938	1.149948	1.149948	1.149948	1.149948	1.146938	1.137907	1.137907	1.137907	1.137907	1.137907	1.137907	1.137907	1.140917	1.137907	1.137907	1.128876	1.125865	1.125865	1.125865	1.128876	1.128876	1.128876	1.128876	1.125865	1.125865	1.125865	1.125865	1.131886	1.128876	1.125865	1.125865	1.128876	1.128876	1.131886	1.128876	1.128876	1.128876	1.128876	1.131886	1.131886	1.128876	1.128876	1.125865	1.131886	1.125865	1.140917	1.137907	1.143927	1.140917	1.140917	1.143927	1.143927	1.143927	1.143927	1.140917
1.229551	1.232821	1.22983	1.22983	1.232821	1.233101	1.22983	1.232821	1.232821	1.232821	1.20993	1.20993	1.203663	1.20993	1.203663	1.206934	1.210205	1.206934	1.20666	1.203663	1.19031	1.187309	1.19058	1.19058	1.18704	1.19358	1.187309	1.187309	1.19358	1.19058	1.184038	1.180768	1.184038	1.18377	1.184038	1.180768	1.180768	1.177497	1.180768	1.180768	1.177497	1.177497	1.177497	1.177229	1.174226	1.180768	1.177497	1.177497	1.180768	1.174226	1.184038	1.184038	1.184038	1.187309	1.184038	1.184038	1.184038	1.184038	1.184038	1.184038	1.193851	1.193851	1.193851	1.197122	1.193851	1.19058	1.193851	1.19058	1.197122	1.19358
1.242478	1.242478	1.242478	1.239156	1.239156	1.242478	1.239156	1.239156	1.242478	1.242478	1.215901	1.209257	1.212579	1.212579	1.209257	1.212579	1.215901	1.212579	1.212579	1.215901	1.192646	1.192646	1.192646	1.192646	1.192646	1.192646	1.192646	1.195968	1.192646	1.192646	1.182679	1.186002	1.186002	1.189324	1.186002	1.189324	1.186002	1.186002	1.189324	1.186002	1.182679	1.176035	1.186002	1.179357	1.179357	1.179357	1.179357	1.179357	1.179357	1.179357	1.192646	1.195968	1.192646	1.192646	1.192646	1.192646	1.189324	1.189324	1.192646	1.189324	1.202612	1.202612	1.19929	1.202612	1.19929	1.19929	1.205934	1.202612	1.202612	1.202612
1.235404	1.232504	1.232504	1.232504	1.235404	1.238304	1.235404	1.235404	1.238304	1.232504	1.203504	1.200604	1.200604	1.203504	1.203504	1.203504	1.203504	1.206404	1.200604	1.203504	1.177404	1.174504	1.177404	1.177404	1.174504	1.177404	1.177404	1.177404	1.177404	1.180304	1.177404	1.180304	1.177404	1.177404	1.177404	1.177404	1.180304	1.177404	1.177404	1.177404	1.174504	1.174504	1.171604	1.171604	1.171604	1.174504	1.174504	1.171604	1.171604	1.165804	1.186104	1.186104	1.189004	1.186104	1.186104	1.186104	1.183204	1.183204	1.189004	1.183204	1.197704	1.197704	1.191904	1.200604	1.197704	1.197704	1.200604	1.200604	1.194804	1.197704
1.265673	1.268395	1.268395	1.271116	1.268395	1.271116	1.268633	1.271116	1.271116	1.271116	1.243898	1.238454	1.241176	1.243898	1.241176	1.241176	1.243898	1.241176	1.243898	1.241176	1.213957	1.213957	1.216679	1.216679	1.213957	1.213957	1.216679	1.216679	1.211235	1.216679	1.213957	1.211235	1.216679	1.216679	1.213957	1.211235	1.213957	1.211235	1.211235	1.213957	1.213957	1.213957	1.216679	1.213957	1.213957	1.213957	1.213957	1.211235	1.213957	1.211235	1.227566	1.230288	1.224845	1.227566	1.230288	1.227566	1.227566	1.227566	1.227566	1.227566	1.241176	1.241176	1.243898	1.241176	1.241176	1.241409	1.243898	1.241176	1.241176	1.241176
1.210647	1.214157	1.210943	1.214453	1.214157	1.217666	1.214157	1.217666	1.214157	1.217666	1.189593	1.182863	1.182863	1.186373	1.189883	1.189593	1.189883	1.189593	1.193102	1.193102	1.172047	1.168538	1.172047	1.165313	1.165029	1.165313	1.172047	1.165313	1.172047	1.172047	1.161803	1.158293	1.165313	1.165029	1.161803	1.165029	1.161803	1.161803	1.161803	1.165029	1.165029	1.168538	1.168538	1.161803	1.165313	1.172047	1.161803	1.165313	1.165313	1.161803	1.179353	1.182863	1.182863	1.182863	1.182863	1.182863	1.179353	1.179353	1.179353	1.182863	1.189883	1.186373	1.189883	1.186373	1.186373	1.189883	1.193393	1.186373	1.189883	1.189883
1.207618	1.207618	1.207327	1.203867	1.207327	1.207618	1.207618	1.207618	1.207618	1.207327	1.176192	1.176476	1.179652	1.183397	1.179936	1.179652	1.179936	1.179652	1.176192	1.176476	1.162635	1.162355	1.166095	1.162355	1.162355	1.162635	1.165814	1.162355	1.162355	1.162355	1.165814	1.165814	1.165814	1.169274	1.162355	1.165814	1.165814	1.169274	1.162355	1.162355	1.165814	1.162355	1.165814	1.162635	1.158895	1.165814	1.158895	1.162355	1.162355	1.158895	1.186571	1.186571	1.19003	1.186571	1.183111	1.186571	1.186571	1.183111	1.186571	1.19003	1.19003	1.193489	1.193489	1.193489	1.193489	1.193489	1.193489	1.19003	1.19003	1.19003
1.210006	1.216785	1.213396	1.213396	1.210006	1.210006	1.213396	1.213396	1.213396	1.213396	1.182891	1.179502	1.186281	1.182891	1.182891	1.182891	1.182891	1.182891	1.179502	1.182891	1.172723	1.169334	1.169334	1.172723	1.172723	1.176113	1.169334	1.169334	1.172723	1.169334	1.176113	1.176113	1.179502	1.176113	1.172723	1.176113	1.176113	1.176113	1.176113	1.176113	1.176113	1.172723	1.176113	1.176113	1.172723	1.176113	1.176113	1.176113	1.172723	1.172723	1.196449	1.193059	1.193059	1.193059	1.193059	1.193059	1.193059	1.193059	1.196449	1.193059	1.203228	1.203228	1.196449	1.203228	1.203228	1.199838	1.203228	1.199838	1.203228	1.203228
1.231954	1.231954	1.238321	1.235137	1.235137	1.238321	1.235137	1.235137	1.235137	1.235137	1.200121	1.200121	1.203304	1.203304	1.203304	1.200121	1.200121	1.203304	1.200121	1.200121	1.200121	1.200121	1.200121	1.200121	1.203304	1.203304	1.200121	1.200121	1.200121	1.200121	1.196937	1.193754	1.200121	1.193754	1.196937	1.196937	1.196937	1.196937	1.200121	1.196937	1.200121	1.193754	1.193754	1.196937	1.196937	1.196937	1.196937	1.200121	1.196937	1.193754	1.212854	1.209671	1.212854	1.209671	1.206487	1.209671	1.212854	1.209671	1.209671	1.209671	1.219221	1.222404	1.216037	1.219221	1.216037	1.219221	1.219221	1.212854	1.222404	1.222404
1.385652	1.388766	1.39188	1.385652	1.388766	1.39188	1.388766	1.388766	1.385652	1.388766	1.360741	1.360741	1.363855	1.360741	1.360741	1.357628	1.360741	1.360741	1.357628	1.363855	1.354514	1.354514	1.357628	1.357628	1.357628	1.360741	1.357628	1.360741	1.354514	1.357628	1.3514	1.348286	1.3514	1.348286	1.3514	1.3514	1.348286	1.345173	1.348286	1.348286	1.360741	1.354514	1.354514	1.357628	1.357628	1.357628	1.3514	1.354514	1.357628	1.3514	1.363856	1.363855	1.370083	1.366969	1.366969	1.366969	1.366969	1.366969	1.363856	1.366969	1.370083	1.373197	1.370083	1.370083	1.370083	1.373197	1.370083	1.370083	1.373197	1.370083
1.235983	1.23254	1.239426	1.235983	1.239426	1.239426	1.235983	1.23254	1.235983	1.235983	1.204997	1.20844	1.20844	1.211883	1.204997	1.204997	1.204997	1.20844	1.204997	1.204997	1.201554	1.201554	1.201554	1.198112	1.198112	1.204997	1.201554	1.204997	1.198112	1.201554	1.194669	1.187783	1.191226	1.191226	1.194669	1.191226	1.191226	1.187783	1.191226	1.187783	1.201554	1.198112	1.201554	1.198112	1.198112	1.201554	1.198112	1.201554	1.201554	1.201554	1.215326	1.215326	1.215326	1.215326	1.215326	1.215326	1.215326	1.211883	1.218769	1.211883	1.222212	1.218769	1.222212	1.225654	1.222212	1.222212	1.222212	1.222212	1.218769	1.222212
1.229308	1.229601	1.233036	1.229601	1.233036	1.233036	1.229308	1.229601	1.229308	1.229601	1.208705	1.201837	1.205271	1.205271	1.205271	1.198689	1.205271	1.205559	1.205271	1.205271	1.188102	1.184951	1.191536	1.188385	1.184951	1.19182	1.191536	1.188385	1.188102	1.188102	1.191536	1.191536	1.191536	1.188102	1.188102	1.19182	1.188102	1.191536	1.191536	1.191536	1.191536	1.194969	1.191536	1.191536	1.191536	1.194969	1.191536	1.188102	1.194969	1.19182	1.215863	1.219006	1.215572	1.219006	1.212139	1.212139	1.215572	1.215572	1.215572	1.215572	1.22244	1.225874	1.22244	1.225874	1.225874	1.22244	1.225874	1.225874	1.22244	1.22244
1.18988	1.186647	1.193114	1.18988	1.18988	1.193114	1.193114	1.196347	1.186647	1.186647	1.17048	1.17048	1.17048	1.17048	1.17048	1.167247	1.17048	1.17048	1.17048	1.173714	1.15108	1.15108	1.15108	1.147847	1.147847	1.15108	1.15108	1.15108	1.147847	1.15108	1.164014	1.16078	1.16078	1.157547	1.16078	1.16078	1.16078	1.16078	1.16078	1.157547	1.16078	1.16078	1.157547	1.16078	1.157547	1.16078	1.16078	1.164014	1.157547	1.16078	1.18018	1.18018	1.183414	1.183414	1.18018	1.18018	1.18018	1.18018	1.183414	1.18018	1.199581	1.196347	1.199581	1.199581	1.199581	1.199581	1.202814	1.199581	1.199581	1.196347
1.179685	1.182727	1.186312	1.182998	1.179685	1.182998	1.18604	1.182727	1.179414	1.182998	1.173057	1.173057	1.172788	1.172788	1.176371	1.173057	1.176371	1.173057	1.173057	1.172788	1.156224	1.156489	1.153175	1.159537	1.153175	1.156224	1.156224	1.156224	1.156489	1.156489	1.169476	1.166162	1.169476	1.166162	1.169476	1.166162	1.166162	1.166162	1.166162	1.16285	1.16285	1.169476	1.166162	1.166162	1.166162	1.166162	1.166162	1.16285	1.169476	1.166162	1.182727	1.18604	1.18604	1.182727	1.186312	1.182727	1.189353	1.189353	1.189353	1.18604	1.209231	1.205918	1.205918	1.209231	1.205918	1.205918	1.205918	1.202605	1.205918	1.205918
1.225725	1.222456	1.225725	1.222456	1.225725	1.222456	1.225725	1.222456	1.222456	1.222456	1.206113	1.21265	1.206113	1.206113	1.209382	1.206113	1.209382	1.209382	1.202844	1.209382	1.196307	1.199576	1.199576	1.196307	1.196307	1.196307	1.196307	1.199575	1.199576	1.196307	1.196307	1.196307	1.196307	1.196307	1.202844	1.199575	1.196307	1.196307	1.196307	1.196307	1.199575	1.199575	1.196307	1.199575	1.199575	1.196307	1.196307	1.199576	1.199575	1.199575	1.215918	1.219187	1.21265	1.215918	1.215918	1.215918	1.219187	1.215918	1.219187	1.215918	1.242067	1.23553	1.238799	1.242067	1.242067	1.238799	1.238799	1.23553	1.238799	1.242067
1.204007	1.201092	1.204007	1.198177	1.201092	1.204007	1.201092	1.201092	1.198177	1.204007	1.17777	1.17777	1.180685	1.180685	1.17777	1.174855	1.180685	1.180685	1.17777	1.180685	1.174855	1.171939	1.174855	1.169024	1.171939	1.171939	1.169024	1.171939	1.171939	1.171939	1.169024	1.169024	1.166109	1.169024	1.166109	1.169024	1.166109	1.166109	1.169024	1.169024	1.180685	1.17777	1.17777	1.174855	1.17777	1.174855	1.17777	1.17777	1.17777	1.174855	1.192346	1.189431	1.195261	1.189431	1.192346	1.192346	1.192346	1.195261	1.192346	1.192346	1.218584	1.218584	1.215668	1.218584	1.218584	1.221499	1.218584	1.215668	1.218584	1.218584
1.209886	1.209886	1.209886	1.209886	1.206718	1.213053	1.209886	1.213053	1.209886	1.206718	1.184548	1.184548	1.187715	1.184548	1.181381	1.184548	1.184548	1.184548	1.181381	1.184548	1.181381	1.184548	1.181381	1.181381	1.181381	1.178213	1.181381	1.178213	1.178213	1.181381	1.175046	1.178213	1.181381	1.178213	1.175046	1.178213	1.178213	1.175046	1.178213	1.175046	1.190882	1.190882	1.187715	1.190882	1.190882	1.184548	1.190882	1.190882	1.190882	1.187715	1.203551	1.200384	1.200384	1.200384	1.197217	1.200384	1.203551	1.200384	1.200384	1.200384	1.225722	1.225722	1.225722	1.228889	1.225722	1.228889	1.225722	1.225722	1.228889	1.225722
1.219697	1.21326	1.216478	1.216478	1.216478	1.219697	1.219697	1.219697	1.21326	1.21326	1.184296	1.181078	1.187515	1.187515	1.181078	1.184296	1.181078	1.184296	1.184296	1.187515	1.184296	1.187515	1.187515	1.187515	1.184296	1.187515	1.184296	1.187515	1.187515	1.187515	1.187515	1.184296	1.184296	1.187515	1.187515	1.184296	1.184296	1.187515	1.184296	1.181078	1.200387	1.197169	1.200387	1.197169	1.197169	1.197169	1.197169	1.200387	1.200387	1.197169	1.21326	1.216478	1.216478	1.21326	1.21326	1.216478	1.216478	1.21326	1.216478	1.21326	1.239006	1.245442	1.242224	1.242224	1.245442	1.242224	1.245442	1.242224	1.239006	1.239006
1.183062	1.186531	1.186531	1.183062	1.183062	1.190001	1.186531	1.186531	1.183062	1.183062	1.158776	1.155307	1.158776	1.158776	1.155307	1.155307	1.158776	1.155307	1.158776	1.158776	1.155307	1.151837	1.155307	1.155307	1.155307	1.155307	1.155307	1.155307	1.151837	1.155307	1.158776	1.158776	1.158776	1.155307	1.158776	1.158776	1.155307	1.155307	1.158776	1.155307	1.172654	1.172654	1.176123	1.169184	1.169184	1.169184	1.172654	1.172654	1.172654	1.172654	1.190001	1.190001	1.19347	1.190001	1.190001	1.19347	1.19347	1.186531	1.19347	1.19347	1.210817	1.214286	1.214286	1.214286	1.210817	1.214286	1.214286	1.214286	1.210817	1.210817
1.201503	1.204822	1.204822	1.204822	1.204822	1.208141	1.201503	1.204822	1.201503	1.201503	1.181588	1.181588	1.184908	1.181588	1.181588	1.181588	1.178269	1.181588	1.178269	1.184907	1.17495	1.181589	1.17495	1.17495	1.17495	1.178269	1.178269	1.17495	1.17495	1.178269	1.181588	1.181588	1.181588	1.178269	1.178269	1.178269	1.171631	1.178269	1.178269	1.178269	1.201503	1.201503	1.201503	1.198184	1.198184	1.198184	1.198184	1.198184	1.198184	1.198184	1.21146	1.21146	1.21146	1.21146	1.214779	1.21146	1.21146	1.208141	1.21146	1.204822	1.231374	1.231374	1.231374	1.231374	1.231374	1.234693	1.231374	1.228055	1.231374	1.231374
1.175422	1.182158	1.185526	1.182158	1.175422	1.182158	1.182158	1.182158	1.17879	1.182158	1.161951	1.158583	1.158583	1.158583	1.155215	1.155215	1.158583	1.158583	1.158583	1.161951	1.161951	1.165319	1.161951	1.165319	1.165319	1.165319	1.161951	1.161678	1.165319	1.161951	1.161951	1.161951	1.165319	1.158583	1.158583	1.158583	1.161951	1.165319	1.161951	1.161678	1.192262	1.188894	1.185526	1.188894	1.191983	1.185248	1.188615	1.188615	1.188894	1.185526	1.19535	1.19535	1.19535	1.191983	1.19535	1.19535	1.19535	1.191983	1.19563	1.191983	1.212186	1.212186	1.215553	1.215553	1.215553	1.212186	1.215553	1.215553	1.212186	1.215553
1.174585	1.170938	1.181881	1.174585	1.174585	1.174585	1.174585	1.174585	1.170938	1.170938	1.163642	1.159994	1.156346	1.159994	1.159994	1.159994	1.156346	1.159994	1.159994	1.163642	1.16729	1.163642	1.159994	1.163642	1.163642	1.16729	1.159994	1.159994	1.159994	1.16729	1.159994	1.159994	1.163642	1.156346	1.156346	1.156346	1.159994	1.159994	1.163642	1.159994	1.181881	1.178233	1.178233	1.178233	1.185529	1.178233	1.178233	1.178233	1.181881	1.181881	1.189176	1.192824	1.192824	1.192824	1.196472	1.192824	1.192824	1.189176	1.192824	1.192824	1.207415	1.207415	1.203768	1.211063	1.20012	1.203768	1.203768	1.203768	1.207415	1.207415
1.176474	1.173285	1.173285	1.176474	1.176474	1.173285	1.176474	1.173285	1.173285	1.173285	1.170097	1.173285	1.170097	1.173285	1.173285	1.173285	1.170097	1.170097	1.170097	1.170097	1.163721	1.163721	1.163721	1.163721	1.163721	1.163721	1.163721	1.166909	1.163721	1.163721	1.163721	1.170097	1.166909	1.166909	1.166909	1.166909	1.166909	1.166909	1.166909	1.170097	1.179662	1.179662	1.179662	1.18285	1.176474	1.179662	1.179662	1.18285	1.179662	1.18285	1.189227	1.189227	1.189227	1.189227	1.186038	1.189227	1.189227	1.189227	1.186038	1.189227	1.20198	1.20198	1.20198	1.198792	1.20198	1.198792	1.20198	1.198792	1.20198	1.198792
1.255382	1.24829	1.24829	1.24829	1.251836	1.24829	1.251836	1.251836	1.255382	1.251836	1.244744	1.241197	1.241197	1.24829	1.244744	1.241197	1.237651	1.244744	1.241197	1.24505	1.237651	1.234105	1.230559	1.237956	1.234105	1.237651	1.237651	1.234105	1.237651	1.234105	1.244744	1.244744	1.244744	1.244744	1.241197	1.241197	1.241197	1.24829	1.244744	1.241503	1.262475	1.255382	1.258929	1.262475	1.258929	1.258929	1.258929	1.258929	1.255382	1.262475	1.266021	1.266021	1.269568	1.266021	1.266021	1.266021	1.266021	1.266021	1.266021	1.269568	1.280206	1.280206	1.27666	1.27666	1.283753	1.283753	1.283753	1.27666	1.283753	1.280206
1.171083	1.171083	1.167491	1.171083	1.167491	1.16749	1.167491	1.167491	1.171083	1.171083	1.142344	1.142344	1.145937	1.142344	1.145937	1.145936	1.145937	1.149529	1.145937	1.149529	1.156714	1.156714	1.156714	1.153121	1.153122	1.153122	1.156714	1.156714	1.153121	1.156714	1.156714	1.149529	1.153122	1.156714	1.156714	1.153122	1.153121	1.156714	1.153122	1.153122	1.178267	1.18186	1.178267	1.171082	1.174674	1.178267	1.178267	1.178267	1.18186	1.18186	1.185451	1.196229	1.192637	1.192637	1.192637	1.189044	1.192637	1.189044	1.185451	1.196229	1.19982	1.19982	1.203413	1.203413	1.203413	1.207006	1.203413	1.19982	1.203413	1.19982
1.203108	1.203108	1.196587	1.203108	1.203108	1.199848	1.203108	1.203108	1.203108	1.203108	1.180285	1.183546	1.180285	1.180285	1.180285	1.180285	1.183546	1.183546	1.180285	1.180285	1.196587	1.193327	1.193327	1.196587	1.196587	1.196587	1.193327	1.193327	1.196587	1.193327	1.193327	1.193327	1.196587	1.193327	1.193327	1.196587	1.193327	1.196587	1.196587	1.190067	1.21289	1.21615	1.21615	1.21289	1.21289	1.21615	1.21289	1.209629	1.21615	1.21615	1.235713	1.235713	1.238973	1.232453	1.235713	1.235713	1.235713	1.235713	1.232453	1.238973	1.232453	1.235713	1.232453	1.232453	1.232453	1.235713	1.235713	1.238973	1.235713	1.235713
1.183035	1.179674	1.179674	1.183035	1.179674	1.179674	1.179674	1.183035	1.179674	1.183035	1.166231	1.169591	1.169591	1.169591	1.169591	1.169591	1.169591	1.169591	1.169591	1.169591	1.169591	1.169591	1.169591	1.166231	1.169591	1.169591	1.169591	1.166231	1.169591	1.169591	1.172953	1.176313	1.172953	1.172953	1.169591	1.169591	1.172953	1.172953	1.169591	1.172953	1.189757	1.189757	1.193118	1.193118	1.193118	1.193118	1.189757	1.189757	1.196479	1.193118	1.220005	1.216644	1.220005	1.216644	1.216644	1.223366	1.216644	1.220005	1.216644	1.220005	1.220005	1.223366	1.223366	1.223366	1.223366	1.220005	1.220005	1.223366	1.220005	1.223366
1.206879	1.203635	1.206879	1.206879	1.206879	1.203635	1.206879	1.203635	1.206879	1.206879	1.197146	1.193902	1.197146	1.197146	1.197146	1.197146	1.197146	1.197146	1.193902	1.197146	1.193902	1.193902	1.197146	1.190657	1.197146	1.190657	1.193902	1.193902	1.193902	1.190657	1.20039	1.206879	1.203635	1.203635	1.20039	1.203635	1.203635	1.206879	1.203635	1.206879	1.219856	1.216612	1.219856	1.219856	1.216612	1.213367	1.219856	1.219856	1.216612	1.219856	1.249055	1.245811	1.249055	1.249055	1.245811	1.249055	1.245811	1.249055	1.249055	1.249055	1.258788	1.258788	1.252299	1.255543	1.258788	1.252299	1.252299	1.255543	1.252299	1.255543
1.191462	1.191462	1.191462	1.191462	1.194709	1.191462	1.197955	1.191462	1.194709	1.194709	1.191462	1.188216	1.191462	1.194709	1.194709	1.191462	1.188216	1.194709	1.191462	1.188216	1.188216	1.191462	1.188216	1.188216	1.188216	1.188216	1.191462	1.191462	1.191462	1.188216	1.201202	1.201202	1.201202	1.204448	1.204448	1.201202	1.204448	1.204448	1.204448	1.204448	1.220681	1.217434	1.220681	1.217434	1.217434	1.220681	1.220681	1.220681	1.220681	1.220681	1.249899	1.253145	1.246652	1.249899	1.249899	1.246652	1.246652	1.249899	1.246652	1.249899	1.259639	1.253145	1.256392	1.253145	1.256392	1.259639	1.256392	1.256392	1.253145	1.256392
1.201985	1.201985	1.201985	1.201985	1.201985	1.205182	1.201985	1.201985	1.205182	1.208378	1.195592	1.192395	1.195592	1.195592	1.192395	1.195592	1.192395	1.195592	1.195592	1.192395	1.201985	1.198789	1.201985	1.198789	1.198789	1.201985	1.201985	1.195592	1.198789	1.198789	1.214772	1.217969	1.214772	1.214772	1.214772	1.211576	1.214772	1.211576	1.214772	1.214772	1.230756	1.230756	1.233953	1.230756	1.230756	1.230756	1.233953	1.230756	1.233953	1.23715	1.25633	1.253134	1.253134	1.25633	1.253134	1.25633	1.253134	1.25633	1.25633	1.25633	1.262724	1.265921	1.265921	1.262724	1.262724	1.262724	1.262724	1.262724	1.262724	1.262724
1.330181	1.334632	1.333032	1.331592	1.328428	1.335597	1.332164	1.330867	1.33117	1.329496	1.330627	1.328593	1.331775	1.327771	1.330404	1.328325	1.33165	1.328325	1.328765	1.329102	1.326365	1.331638	1.328942	1.329604	1.328925	1.330239	1.328576	1.325554	1.329799	1.32588	1.328685	1.32881	1.33073	1.332244	1.32945	1.331535	1.329233	1.33065	1.329313	1.33013	1.328719	1.331118	1.328079	1.330279	1.328445	1.329085	1.329273	1.331278	1.328376	1.329085	1.327456	1.328068	1.32929	1.328051	1.329719	1.330787	1.328153	1.326839	1.327028	1.327342	1.325034	1.326839	1.325051	1.326177	1.326988	1.327679	1.327291	1.326885	1.325017	1.324583
76.859992	76.760802	76.874127	76.830202	76.862262	76.758536	76.762889	76.757044	76.734214	76.780179	76.83929	76.742278	76.77554	76.800857	76.873595	76.845159	76.855794	76.743552	76.865306	76.798615	76.877127	76.863766	76.865913	76.866254	76.86727	76.840893	76.866135	76.865964	76.866345	76.866052	76.866107	76.880889	76.952413	76.942202	76.85073	76.887524	76.862746	76.865865	76.867056	76.86621	76.862179	76.907885	76.865127	76.865524	76.865766	76.914869	76.858143	76.898218	76.853409	76.966492	76.941647	76.870603	76.951	76.852913	76.917508	76.947599	76.983857	76.949671	76.920234	76.924647	76.992008	76.963183	76.972337	76.899266	76.852599	76.868746	77.001726	76.946536	76.931476	76.93729
29.6	29.6	29.6	29.6	29.6	29.6	29.6	29.6	29.6	29.6	29.6	29.6	29.6	29.6	29.6	29.6	29.6	29.6	29.6	29.6	29.6	29.6	29.6	29.6	29.6	29.6	29.6	29.6	29.6	29.6	29.6	29.6	29.6	29.6	29.6	29.6	29.6	29.6	29.6	29.6	29.6	29.6	29.6	29.6	29.6	29.6	29.6	29.6	29.6	29.6	29.6	29.6	29.6	29.6	29.6	29.6	29.6	29.6	29.6	29.6	29.6	29.6	29.6	29.6	29.6	29.6	29.6	29.6	29.6	29.6
612828000	612830400	612832800	612835200	612837600	612840000	612842400	612844800	612847200	612849600	612863300	612865800	612868200	612870600	612873000	612875400	612877800	612880200	612882600	612885000	612898700	612901200	612903600	612906000	612908400	612910800	612913200	612915600	612918000	612920400	612934100	612936600	612939000	612941400	612943800	612946200	612948600	612951000	612953400	612955800	612969500	612972000	612974400	612976800	612979200	612981600	612984000	612986400	612988800	612991200	613004900	613007400	613009800	613012200	613014600	613017000	613019400	613021800	613024200	613026600	613040300	613042800	613045200	613047600	613050000	613052400	613054800	613057200	613059600	613062000
