0	1	2	3	4	5	6	7	8	9	0	1	2	3	4	5	6	7	8	9	0	1	2	3	4	5	6	7	8	9	0	1	2	3	4	5	6	7	8	9	0	1	2	3	4	5	6	7	8	9	0	1	2	3	4	5	6	7	8	9	0	1	2	3	4	5	6	7	8	9
0	0	0	0	0	0	0	0	0	0	1	1	1	1	1	1	1	1	1	1	2	2	2	2	2	2	2	2	2	2	3	3	3	3	3	3	3	3	3	3	4	4	4	4	4	4	4	4	4	4	5	5	5	5	5	5	5	5	5	5	6	6	6	6	6	6	6	6	6	6
0	0	0	0	0	0	0	0	0	0	0	0	0	0	0	0	0	0	0	0	0	0	0	0	0	0	0	0	0	0	0	0	0	0	0	0	0	0	0	0	0	0	0	0	0	0	0	0	0	0	0	0	0	0	0	0	0	0	0	0	0	0	0	0	0	0	0	0	0	0
0.499598	0.499598	0.499598	0.499598	0.499598	0.499598	0.499598	0.499598	0.499598	0.499598	4.441265	4.441265	4.441265	4.441265	4.441265	4.441265	4.441265	4.441265	4.441265	4.441265	8.382932	8.382932	8.382932	8.382932	8.382932	8.382932	8.382932	8.382932	8.382932	8.382932	12.324598	12.324598	12.324598	12.324598	12.324598	12.324598	12.324598	12.324598	12.324598	12.324598	16.266265	16.266265	16.266265	16.266265	16.266265	16.266265	16.266265	16.266265	16.266265	16.266265	20.207932	20.207932	20.207932	20.207932	20.207932	20.207932	20.207932	20.207932	20.207932	20.207932	24.149598	24.149598	24.149598	24.149598	24.149598	24.149598	24.149598	24.149598	24.149598	24.149598
0.937787	0.937787	0.937787	0.937787	0.937787	0.937787	0.937787	0.937787	0.937787	0.937787	4.879454	4.879454	4.879454	4.879454	4.879454	4.879454	4.879454	4.879454	4.879454	4.879454	8.821121	8.821121	8.821121	8.821121	8.821121	8.821121	8.821121	8.821121	8.821121	8.821121	12.762787	12.762787	12.762787	12.762787	12.762787	12.762787	12.762787	12.762787	12.762787	12.762787	16.704454	16.704454	16.704454	16.704454	16.704454	16.704454	16.704454	16.704454	16.704454	16.704454	20.646121	20.646121	20.646121	20.646121	20.646121	20.646121	20.646121	20.646121	20.646121	20.646121	24.587787	24.587787	24.587787	24.587787	24.587787	24.587787	24.587787	24.587787	24.587787	24.587787
1.342906	1.342906	1.342906	1.342906	1.342906	1.342906	1.342906	1.342906	1.342906	1.342906	5.284572	5.284572	5.284572	5.284572	5.284572	5.284572	5.284572	5.284572	5.284572	5.284572	9.226239	9.226239	9.226239	9.226239	9.226239	9.226239	9.226239	9.226239	9.226239	9.226239	13.167906	13.167906	13.167906	13.167906	13.167906	13.167906	13.167906	13.167906	13.167906	13.167906	17.109572	17.109572	17.109572	17.109572	17.109572	17.109572	17.109572	17.109572	17.109572	17.109572	21.051239	21.051239	21.051239	21.051239	21.051239	21.051239	21.051239	21.051239	21.051239	21.051239	24.992906	24.992906	24.992906	24.992906	24.992906	24.992906	24.992906	24.992906	24.992906	24.992906
1.748024	1.748024	1.748024	1.748024	1.748024	1.748024	1.748024	1.748024	1.748024	1.748024	5.68969	5.68969	5.68969	5.68969	5.68969	5.68969	5.68969	5.68969	5.68969	5.68969	9.631357	9.631357	9.631357	9.631357	9.631357	9.631357	9.631357	9.631357	9.631357	9.631357	13.573024	13.573024	13.573024	13.573024	13.573024	13.573024	13.573024	13.573024	13.573024	13.573024	17.51469	17.51469	17.51469	17.51469	17.51469	17.51469	17.51469	17.51469	17.51469	17.51469	21.456357	21.456357	21.456357	21.456357	21.456357	21.456357	21.456357	21.456357	21.456357	21.456357	25.398024	25.398024	25.398024	25.398024	25.398024	25.398024	25.398024	25.398024	25.398024	25.398024
2.152748	2.152748	2.152748	2.152748	2.152748	2.152748	2.152748	2.152748	2.152748	2.152748	6.094415	6.094415	6.094415	6.094415	6.094415	6.094415	6.094415	6.094415	6.094415	6.094415	10.036081	10.036081	10.036081	10.036081	10.036081	10.036081	10.036081	10.036081	10.036081	10.036081	13.977748	13.977748	13.977748	13.977748	13.977748	13.977748	13.977748	13.977748	13.977748	13.977748	17.919415	17.919415	17.919415	17.919415	17.919415	17.919415	17.919415	17.919415	17.919415	17.919415	21.861081	21.861081	21.861081	21.861081	21.861081	21.861081	21.861081	21.861081	21.861081	21.861081	25.802748	25.802748	25.802748	25.802748	25.802748	25.802748	25.802748	25.802748	25.802748	25.802748
2.557866	2.557866	2.557866	2.557866	2.557866	2.557866	2.557866	2.557866	2.557866	2.557866	6.499533	6.499533	6.499533	6.499533	6.499533	6.499533	6.499533	6.499533	6.499533	6.499533	10.441199	10.441199	10.441199	10.441199	10.441199	10.441199	10.441199	10.441199	10.441199	10.441199	14.382866	14.382866	14.382866	14.382866	14.382866	14.382866	14.382866	14.382866	14.382866	14.382866	18.324533	18.324533	18.324533	18.324533	18.324533	18.324533	18.324533	18.324533	18.324533	18.324533	22.266199	22.266199	22.266199	22.266199	22.266199	22.266199	22.266199	22.266199	22.266199	22.266199	26.207866	26.207866	26.207866	26.207866	26.207866	26.207866	26.207866	26.207866	26.207866	26.207866
2.962984	2.962984	2.962984	2.962984	2.962984	2.962984	2.962984	2.962984	2.962984	2.962984	6.904651	6.904651	6.904651	6.904651	6.904651	6.904651	6.904651	6.904651	6.904651	6.904651	10.846318	10.846318	10.846318	10.846318	10.846318	10.846318	10.846318	10.846318	10.846318	10.846318	14.787984	14.787984	14.787984	14.787984	14.787984	14.787984	14.787984	14.787984	14.787984	14.787984	18.729651	18.729651	18.729651	18.729651	18.729651	18.729651	18.729651	18.729651	18.729651	18.729651	22.671318	22.671318	22.671318	22.671318	22.671318	22.671318	22.671318	22.671318	22.671318	22.671318	26.612984	26.612984	26.612984	26.612984	26.612984	26.612984	26.612984	26.612984	26.612984	26.612984
3.368102	3.368102	3.368102	3.368102	3.368102	3.368102	3.368102	3.368102	3.368102	3.368102	7.309769	7.309769	7.309769	7.309769	7.309769	7.309769	7.309769	7.309769	7.309769	7.309769	11.251436	11.251436	11.251436	11.251436	11.251436	11.251436	11.251436	11.251436	11.251436	11.251436	15.193102	15.193102	15.193102	15.193102	15.193102	15.193102	15.193102	15.193102	15.193102	15.193102	19.134769	19.134769	19.134769	19.134769	19.134769	19.134769	19.134769	19.134769	19.134769	19.134769	23.076436	23.076436	23.076436	23.076436	23.076436	23.076436	23.076436	23.076436	23.076436	23.076436	27.018102	27.018102	27.018102	27.018102	27.018102	27.018102	27.018102	27.018102	27.018102	27.018102
3.772827	3.772827	3.772827	3.772827	3.772827	3.772827	3.772827	3.772827	3.772827	3.772827	7.714493	7.714493	7.714493	7.714493	7.714493	7.714493	7.714493	7.714493	7.714493	7.714493	11.65616	11.65616	11.65616	11.65616	11.65616	11.65616	11.65616	11.65616	11.65616	11.65616	15.597827	15.597827	15.597827	15.597827	15.597827	15.597827	15.597827	15.597827	15.597827	15.597827	19.539493	19.539493	19.539493	19.539493	19.539493	19.539493	19.539493	19.539493	19.539493	19.539493	23.48116	23.48116	23.48116	23.48116	23.48116	23.48116	23.48116	23.48116	23.48116	23.48116	27.422827	27.422827	27.422827	27.422827	27.422827	27.422827	27.422827	27.422827	27.422827	27.422827
4.069677	4.069677	4.069677	4.069677	4.069677	4.069677	4.069677	4.069677	4.069677	4.069677	8.011344	8.011344	8.011344	8.011344	8.011344	8.011344	8.011344	8.011344	8.011344	8.011344	11.953011	11.953011	11.953011	11.953011	11.953011	11.953011	11.953011	11.953011	11.953011	11.953011	15.894677	15.894677	15.894677	15.894677	15.894677	15.894677	15.894677	15.894677	15.894677	15.894677	19.836344	19.836344	19.836344	19.836344	19.836344	19.836344	19.836344	19.836344	19.836344	19.836344	23.778011	23.778011	23.778011	23.778011	23.778011	23.778011	23.778011	23.778011	23.778011	23.778011	27.719677	27.719677	27.719677	27.719677	27.719677	27.719677	27.719677	27.719677	27.719677	27.719677
4.366528	4.366528	4.366528	4.366528	4.366528	4.366528	4.366528	4.366528	4.366528	4.366528	8.308194	8.308194	8.308194	8.308194	8.308194	8.308194	8.308194	8.308194	8.308194	8.308194	12.249861	12.249861	12.249861	12.249861	12.249861	12.249861	12.249861	12.249861	12.249861	12.249861	16.191528	16.191528	16.191528	16.191528	16.191528	16.191528	16.191528	16.191528	16.191528	16.191528	20.133194	20.133194	20.133194	20.133194	20.133194	20.133194	20.133194	20.133194	20.133194	20.133194	24.074861	24.074861	24.074861	24.074861	24.074861	24.074861	24.074861	24.074861	24.074861	24.074861	28.016528	28.016528	28.016528	28.016528	28.016528	28.016528	28.016528	28.016528	28.016528	28.016528
4.663378	4.663378	4.663378	4.663378	4.663378	4.663378	4.663378	4.663378	4.663378	4.663378	8.605045	8.605045	8.605045	8.605045	8.605045	8.605045	8.605045	8.605045	8.605045	8.605045	12.546711	12.546711	12.546711	12.546711	12.546711	12.546711	12.546711	12.546711	12.546711	12.546711	16.488378	16.488378	16.488378	16.488378	16.488378	16.488378	16.488378	16.488378	16.488378	16.488378	20.430045	20.430045	20.430045	20.430045	20.430045	20.430045	20.430045	20.430045	20.430045	20.430045	24.371711	24.371711	24.371711	24.371711	24.371711	24.371711	24.371711	24.371711	24.371711	24.371711	28.313378	28.313378	28.313378	28.313378	28.313378	28.313378	28.313378	28.313378	28.313378	28.313378
4.960622	4.960622	4.960622	4.960622	4.960622	4.960622	4.960622	4.960622	4.960622	4.960622	8.902289	8.902289	8.902289	8.902289	8.902289	8.902289	8.902289	8.902289	8.902289	8.902289	12.843955	12.843955	12.843955	12.843955	12.843955	12.843955	12.843955	12.843955	12.843955	12.843955	16.785622	16.785622	16.785622	16.785622	16.785622	16.785622	16.785622	16.785622	16.785622	16.785622	20.727289	20.727289	20.727289	20.727289	20.727289	20.727289	20.727289	20.727289	20.727289	20.727289	24.668955	24.668955	24.668955	24.668955	24.668955	24.668955	24.668955	24.668955	24.668955	24.668955	28.610622	28.610622	28.610622	28.610622	28.610622	28.610622	28.610622	28.610622	28.610622	28.610622
5.257472	5.257472	5.257472	5.257472	5.257472	5.257472	5.257472	5.257472	5.257472	5.257472	9.199139	9.199139	9.199139	9.199139	9.199139	9.199139	9.199139	9.199139	9.199139	9.199139	13.140806	13.140806	13.140806	13.140806	13.140806	13.140806	13.140806	13.140806	13.140806	13.140806	17.082472	17.082472	17.082472	17.082472	17.082472	17.082472	17.082472	17.082472	17.082472	17.082472	21.024139	21.024139	21.024139	21.024139	21.024139	21.024139	21.024139	21.024139	21.024139	21.024139	24.965806	24.965806	24.965806	24.965806	24.965806	24.965806	24.965806	24.965806	24.965806	24.965806	28.907472	28.907472	28.907472	28.907472	28.907472	28.907472	28.907472	28.907472	28.907472	28.907472
5.554323	5.554323	5.554323	5.554323	5.554323	5.554323	5.554323	5.554323	5.554323	5.554323	9.495989	9.495989	9.495989	9.495989	9.495989	9.495989	9.495989	9.495989	9.495989	9.495989	13.437656	13.437656	13.437656	13.437656	13.437656	13.437656	13.437656	13.437656	13.437656	13.437656	17.379323	17.379323	17.379323	17.379323	17.379323	17.379323	17.379323	17.379323	17.379323	17.379323	21.320989	21.320989	21.320989	21.320989	21.320989	21.320989	21.320989	21.320989	21.320989	21.320989	25.262656	25.262656	25.262656	25.262656	25.262656	25.262656	25.262656	25.262656	25.262656	25.262656	29.204323	29.204323	29.204323	29.204323	29.204323	29.204323	29.204323	29.204323	29.204323	29.204323
5.851173	5.851173	5.851173	5.851173	5.851173	5.851173	5.851173	5.851173	5.851173	5.851173	9.79284	9.79284	9.79284	9.79284	9.79284	9.79284	9.79284	9.79284	9.79284	9.79284	13.734507	13.734507	13.734507	13.734507	13.734507	13.734507	13.734507	13.734507	13.734507	13.734507	17.676173	17.676173	17.676173	17.676173	17.676173	17.676173	17.676173	17.676173	17.676173	17.676173	21.61784	21.61784	21.61784	21.61784	21.61784	21.61784	21.61784	21.61784	21.61784	21.61784	25.559507	25.559507	25.559507	25.559507	25.559507	25.559507	25.559507	25.559507	25.559507	25.559507	29.501173	29.501173	29.501173	29.501173	29.501173	29.501173	29.501173	29.501173	29.501173	29.501173
6.148024	6.148024	6.148024	6.148024	6.148024	6.148024	6.148024	6.148024	6.148024	6.148024	10.08969	10.08969	10.08969	10.08969	10.08969	10.08969	10.08969	10.08969	10.08969	10.08969	14.031357	14.031357	14.031357	14.031357	14.031357	14.031357	14.031357	14.031357	14.031357	14.031357	17.973024	17.973024	17.973024	17.973024	17.973024	17.973024	17.973024	17.973024	17.973024	17.973024	21.91469	21.91469	21.91469	21.91469	21.91469	21.91469	21.91469	21.91469	21.91469	21.91469	25.856357	25.856357	25.856357	25.856357	25.856357	25.856357	25.856357	25.856357	25.856357	25.856357	29.798024	29.798024	29.798024	29.798024	29.798024	29.798024	29.798024	29.798024	29.798024	29.798024
6.444874	6.444874	6.444874	6.444874	6.444874	6.444874	6.444874	6.444874	6.444874	6.444874	10.386541	10.386541	10.386541	10.386541	10.386541	10.386541	10.386541	10.386541	10.386541	10.386541	14.328207	14.328207	14.328207	14.328207	14.328207	14.328207	14.328207	14.328207	14.328207	14.328207	18.269874	18.269874	18.269874	18.269874	18.269874	18.269874	18.269874	18.269874	18.269874	18.269874	22.211541	22.211541	22.211541	22.211541	22.211541	22.211541	22.211541	22.211541	22.211541	22.211541	26.153207	26.153207	26.153207	26.153207	26.153207	26.153207	26.153207	26.153207	26.153207	26.153207	30.094874	30.094874	30.094874	30.094874	30.094874	30.094874	30.094874	30.094874	30.094874	30.094874
6.741724	6.741724	6.741724	6.741724	6.741724	6.741724	6.741724	6.741724	6.741724	6.741724	10.683391	10.683391	10.683391	10.683391	10.683391	10.683391	10.683391	10.683391	10.683391	10.683391	14.625058	14.625058	14.625058	14.625058	14.625058	14.625058	14.625058	14.625058	14.625058	14.625058	18.566724	18.566724	18.566724	18.566724	18.566724	18.566724	18.566724	18.566724	18.566724	18.566724	22.508391	22.508391	22.508391	22.508391	22.508391	22.508391	22.508391	22.508391	22.508391	22.508391	26.450058	26.450058	26.450058	26.450058	26.450058	26.450058	26.450058	26.450058	26.450058	26.450058	30.391724	30.391724	30.391724	30.391724	30.391724	30.391724	30.391724	30.391724	30.391724	30.391724
7.038575	7.038575	7.038575	7.038575	7.038575	7.038575	7.038575	7.038575	7.038575	7.038575	10.980241	10.980241	10.980241	10.980241	10.980241	10.980241	10.980241	10.980241	10.980241	10.980241	14.921908	14.921908	14.921908	14.921908	14.921908	14.921908	14.921908	14.921908	14.921908	14.921908	18.863575	18.863575	18.863575	18.863575	18.863575	18.863575	18.863575	18.863575	18.863575	18.863575	22.805241	22.805241	22.805241	22.805241	22.805241	22.805241	22.805241	22.805241	22.805241	22.805241	26.746908	26.746908	26.746908	26.746908	26.746908	26.746908	26.746908	26.746908	26.746908	26.746908	30.688575	30.688575	30.688575	30.688575	30.688575	30.688575	30.688575	30.688575	30.688575	30.688575
7.335425	7.335425	7.335425	7.335425	7.335425	7.335425	7.335425	7.335425	7.335425	7.335425	11.277092	11.277092	11.277092	11.277092	11.277092	11.277092	11.277092	11.277092	11.277092	11.277092	15.218759	15.218759	15.218759	15.218759	15.218759	15.218759	15.218759	15.218759	15.218759	15.218759	19.160425	19.160425	19.160425	19.160425	19.160425	19.160425	19.160425	19.160425	19.160425	19.160425	23.102092	23.102092	23.102092	23.102092	23.102092	23.102092	23.102092	23.102092	23.102092	23.102092	27.043759	27.043759	27.043759	27.043759	27.043759	27.043759	27.043759	27.043759	27.043759	27.043759	30.985425	30.985425	30.985425	30.985425	30.985425	30.985425	30.985425	30.985425	30.985425	30.985425
7.632276	7.632276	7.632276	7.632276	7.632276	7.632276	7.632276	7.632276	7.632276	7.632276	11.573942	11.573942	11.573942	11.573942	11.573942	11.573942	11.573942	11.573942	11.573942	11.573942	15.515609	15.515609	15.515609	15.515609	15.515609	15.515609	15.515609	15.515609	15.515609	15.515609	19.457276	19.457276	19.457276	19.457276	19.457276	19.457276	19.457276	19.457276	19.457276	19.457276	23.398942	23.398942	23.398942	23.398942	23.398942	23.398942	23.398942	23.398942	23.398942	23.398942	27.340609	27.340609	27.340609	27.340609	27.340609	27.340609	27.340609	27.340609	27.340609	27.340609	31.282276	31.282276	31.282276	31.282276	31.282276	31.282276	31.282276	31.282276	31.282276	31.282276
7.929126	7.929126	7.929126	7.929126	7.929126	7.929126	7.929126	7.929126	7.929126	7.929126	11.870793	11.870793	11.870793	11.870793	11.870793	11.870793	11.870793	11.870793	11.870793	11.870793	15.812459	15.812459	15.812459	15.812459	15.812459	15.812459	15.812459	15.812459	15.812459	15.812459	19.754126	19.754126	19.754126	19.754126	19.754126	19.754126	19.754126	19.754126	19.754126	19.754126	23.695793	23.695793	23.695793	23.695793	23.695793	23.695793	23.695793	23.695793	23.695793	23.695793	27.637459	27.637459	27.637459	27.637459	27.637459	27.637459	27.637459	27.637459	27.637459	27.637459	31.579126	31.579126	31.579126	31.579126	31.579126	31.579126	31.579126	31.579126	31.579126	31.579126
8.225976	8.225976	8.225976	8.225976	8.225976	8.225976	8.225976	8.225976	8.225976	8.225976	12.167643	12.167643	12.167643	12.167643	12.167643	12.167643	12.167643	12.167643	12.167643	12.167643	16.10931	16.10931	16.10931	16.10931	16.10931	16.10931	16.10931	16.10931	16.10931	16.10931	20.050976	20.050976	20.050976	20.050976	20.050976	20.050976	20.050976	20.050976	20.050976	20.050976	23.992643	23.992643	23.992643	23.992643	23.992643	23.992643	23.992643	23.992643	23.992643	23.992643	27.93431	27.93431	27.93431	27.93431	27.93431	27.93431	27.93431	27.93431	27.93431	27.93431	31.875976	31.875976	31.875976	31.875976	31.875976	31.875976	31.875976	31.875976	31.875976	31.875976
8.522827	8.522827	8.522827	8.522827	8.522827	8.522827	8.522827	8.522827	8.522827	8.522827	12.464493	12.464493	12.464493	12.464493	12.464493	12.464493	12.464493	12.464493	12.464493	12.464493	16.40616	16.40616	16.40616	16.40616	16.40616	16.40616	16.40616	16.40616	16.40616	16.40616	20.347827	20.347827	20.347827	20.347827	20.347827	20.347827	20.347827	20.347827	20.347827	20.347827	24.289493	24.289493	24.289493	24.289493	24.289493	24.289493	24.289493	24.289493	24.289493	24.289493	28.23116	28.23116	28.23116	28.23116	28.23116	28.23116	28.23116	28.23116	28.23116	28.23116	32.172827	32.172827	32.172827	32.172827	32.172827	32.172827	32.172827	32.172827	32.172827	32.172827
8.819677	8.819677	8.819677	8.819677	8.819677	8.819677	8.819677	8.819677	8.819677	8.819677	12.761344	12.761344	12.761344	12.761344	12.761344	12.761344	12.761344	12.761344	12.761344	12.761344	16.703011	16.703011	16.703011	16.703011	16.703011	16.703011	16.703011	16.703011	16.703011	16.703011	20.644677	20.644677	20.644677	20.644677	20.644677	20.644677	20.644677	20.644677	20.644677	20.644677	24.586344	24.586344	24.586344	24.586344	24.586344	24.586344	24.586344	24.586344	24.586344	24.586344	28.528011	28.528011	28.528011	28.528011	28.528011	28.528011	28.528011	28.528011	28.528011	28.528011	32.469677	32.469677	32.469677	32.469677	32.469677	32.469677	32.469677	32.469677	32.469677	32.469677
9.116528	9.116528	9.116528	9.116528	9.116528	9.116528	9.116528	9.116528	9.116528	9.116528	13.058194	13.058194	13.058194	13.058194	13.058194	13.058194	13.058194	13.058194	13.058194	13.058194	16.999861	16.999861	16.999861	16.999861	16.999861	16.999861	16.999861	16.999861	16.999861	16.999861	20.941528	20.941528	20.941528	20.941528	20.941528	20.941528	20.941528	20.941528	20.941528	20.941528	24.883194	24.883194	24.883194	24.883194	24.883194	24.883194	24.883194	24.883194	24.883194	24.883194	28.824861	28.824861	28.824861	28.824861	28.824861	28.824861	28.824861	28.824861	28.824861	28.824861	32.766528	32.766528	32.766528	32.766528	32.766528	32.766528	32.766528	32.766528	32.766528	32.766528
9.413378	9.413378	9.413378	9.413378	9.413378	9.413378	9.413378	9.413378	9.413378	9.413378	13.355045	13.355045	13.355045	13.355045	13.355045	13.355045	13.355045	13.355045	13.355045	13.355045	17.296711	17.296711	17.296711	17.296711	17.296711	17.296711	17.296711	17.296711	17.296711	17.296711	21.238378	21.238378	21.238378	21.238378	21.238378	21.238378	21.238378	21.238378	21.238378	21.238378	25.180045	25.180045	25.180045	25.180045	25.180045	25.180045	25.180045	25.180045	25.180045	25.180045	29.121711	29.121711	29.121711	29.121711	29.121711	29.121711	29.121711	29.121711	29.121711	29.121711	33.063378	33.063378	33.063378	33.063378	33.063378	33.063378	33.063378	33.063378	33.063378	33.063378
9.710622	9.710622	9.710622	9.710622	9.710622	9.710622	9.710622	9.710622	9.710622	9.710622	13.652289	13.652289	13.652289	13.652289	13.652289	13.652289	13.652289	13.652289	13.652289	13.652289	17.593955	17.593955	17.593955	17.593955	17.593955	17.593955	17.593955	17.593955	17.593955	17.593955	21.535622	21.535622	21.535622	21.535622	21.535622	21.535622	21.535622	21.535622	21.535622	21.535622	25.477289	25.477289	25.477289	25.477289	25.477289	25.477289	25.477289	25.477289	25.477289	25.477289	29.418955	29.418955	29.418955	29.418955	29.418955	29.418955	29.418955	29.418955	29.418955	29.418955	33.360622	33.360622	33.360622	33.360622	33.360622	33.360622	33.360622	33.360622	33.360622	33.360622
10.007472	10.007472	10.007472	10.007472	10.007472	10.007472	10.007472	10.007472	10.007472	10.007472	13.949139	13.949139	13.949139	13.949139	13.949139	13.949139	13.949139	13.949139	13.949139	13.949139	17.890806	17.890806	17.890806	17.890806	17.890806	17.890806	17.890806	17.890806	17.890806	17.890806	21.832472	21.832472	21.832472	21.832472	21.832472	21.832472	21.832472	21.832472	21.832472	21.832472	25.774139	25.774139	25.774139	25.774139	25.774139	25.774139	25.774139	25.774139	25.774139	25.774139	29.715806	29.715806	29.715806	29.715806	29.715806	29.715806	29.715806	29.715806	29.715806	29.715806	33.657472	33.657472	33.657472	33.657472	33.657472	33.657472	33.657472	33.657472	33.657472	33.657472
10.304323	10.304323	10.304323	10.304323	10.304323	10.304323	10.304323	10.304323	10.304323	10.304323	14.245989	14.245989	14.245989	14.245989	14.245989	14.245989	14.245989	14.245989	14.245989	14.245989	18.187656	18.187656	18.187656	18.187656	18.187656	18.187656	18.187656	18.187656	18.187656	18.187656	22.129323	22.129323	22.129323	22.129323	22.129323	22.129323	22.129323	22.129323	22.129323	22.129323	26.070989	26.070989	26.070989	26.070989	26.070989	26.070989	26.070989	26.070989	26.070989	26.070989	30.012656	30.012656	30.012656	30.012656	30.012656	30.012656	30.012656	30.012656	30.012656	30.012656	33.954323	33.954323	33.954323	33.954323	33.954323	33.954323	33.954323	33.954323	33.954323	33.954323
10.601173	10.601173	10.601173	10.601173	10.601173	10.601173	10.601173	10.601173	10.601173	10.601173	14.54284	14.54284	14.54284	14.54284	14.54284	14.54284	14.54284	14.54284	14.54284	14.54284	18.484507	18.484507	18.484507	18.484507	18.484507	18.484507	18.484507	18.484507	18.484507	18.484507	22.426173	22.426173	22.426173	22.426173	22.426173	22.426173	22.426173	22.426173	22.426173	22.426173	26.36784	26.36784	26.36784	26.36784	26.36784	26.36784	26.36784	26.36784	26.36784	26.36784	30.309507	30.309507	30.309507	30.309507	30.309507	30.309507	30.309507	30.309507	30.309507	30.309507	34.251173	34.251173	34.251173	34.251173	34.251173	34.251173	34.251173	34.251173	34.251173	34.251173
11.005898	11.005898	11.005898	11.005898	11.005898	11.005898	11.005898	11.005898	11.005898	11.005898	14.947564	14.947564	14.947564	14.947564	14.947564	14.947564	14.947564	14.947564	14.947564	14.947564	18.889231	18.889231	18.889231	18.889231	18.889231	18.889231	18.889231	18.889231	18.889231	18.889231	22.830898	22.830898	22.830898	22.830898	22.830898	22.830898	22.830898	22.830898	22.830898	22.830898	26.772564	26.772564	26.772564	26.772564	26.772564	26.772564	26.772564	26.772564	26.772564	26.772564	30.714231	30.714231	30.714231	30.714231	30.714231	30.714231	30.714231	30.714231	30.714231	30.714231	34.655898	34.655898	34.655898	34.655898	34.655898	34.655898	34.655898	34.655898	34.655898	34.655898
11.411016	11.411016	11.411016	11.411016	11.411016	11.411016	11.411016	11.411016	11.411016	11.411016	15.352682	15.352682	15.352682	15.352682	15.352682	15.352682	15.352682	15.352682	15.352682	15.352682	19.294349	19.294349	19.294349	19.294349	19.294349	19.294349	19.294349	19.294349	19.294349	19.294349	23.236016	23.236016	23.236016	23.236016	23.236016	23.236016	23.236016	23.236016	23.236016	23.236016	27.177682	27.177682	27.177682	27.177682	27.177682	27.177682	27.177682	27.177682	27.177682	27.177682	31.119349	31.119349	31.119349	31.119349	31.119349	31.119349	31.119349	31.119349	31.119349	31.119349	35.061016	35.061016	35.061016	35.061016	35.061016	35.061016	35.061016	35.061016	35.061016	35.061016
11.816134	11.816134	11.816134	11.816134	11.816134	11.816134	11.816134	11.816134	11.816134	11.816134	15.757801	15.757801	15.757801	15.757801	15.757801	15.757801	15.757801	15.757801	15.757801	15.757801	19.699467	19.699467	19.699467	19.699467	19.699467	19.699467	19.699467	19.699467	19.699467	19.699467	23.641134	23.641134	23.641134	23.641134	23.641134	23.641134	23.641134	23.641134	23.641134	23.641134	27.582801	27.582801	27.582801	27.582801	27.582801	27.582801	27.582801	27.582801	27.582801	27.582801	31.524467	31.524467	31.524467	31.524467	31.524467	31.524467	31.524467	31.524467	31.524467	31.524467	35.466134	35.466134	35.466134	35.466134	35.466134	35.466134	35.466134	35.466134	35.466134	35.466134
12.221252	12.221252	12.221252	12.221252	12.221252	12.221252	12.221252	12.221252	12.221252	12.221252	16.162919	16.162919	16.162919	16.162919	16.162919	16.162919	16.162919	16.162919	16.162919	16.162919	20.104585	20.104585	20.104585	20.104585	20.104585	20.104585	20.104585	20.104585	20.104585	20.104585	24.046252	24.046252	24.046252	24.046252	24.046252	24.046252	24.046252	24.046252	24.046252	24.046252	27.987919	27.987919	27.987919	27.987919	27.987919	27.987919	27.987919	27.987919	27.987919	27.987919	31.929585	31.929585	31.929585	31.929585	31.929585	31.929585	31.929585	31.929585	31.929585	31.929585	35.871252	35.871252	35.871252	35.871252	35.871252	35.871252	35.871252	35.871252	35.871252	35.871252
12.625976	12.625976	12.625976	12.625976	12.625976	12.625976	12.625976	12.625976	12.625976	12.625976	16.567643	16.567643	16.567643	16.567643	16.567643	16.567643	16.567643	16.567643	16.567643	16.567643	20.50931	20.50931	20.50931	20.50931	20.50931	20.50931	20.50931	20.50931	20.50931	20.50931	24.450976	24.450976	24.450976	24.450976	24.450976	24.450976	24.450976	24.450976	24.450976	24.450976	28.392643	28.392643	28.392643	28.392643	28.392643	28.392643	28.392643	28.392643	28.392643	28.392643	32.33431	32.33431	32.33431	32.33431	32.33431	32.33431	32.33431	32.33431	32.33431	32.33431	36.275976	36.275976	36.275976	36.275976	36.275976	36.275976	36.275976	36.275976	36.275976	36.275976
13.031094	13.031094	13.031094	13.031094	13.031094	13.031094	13.031094	13.031094	13.031094	13.031094	16.972761	16.972761	16.972761	16.972761	16.972761	16.972761	16.972761	16.972761	16.972761	16.972761	20.914428	20.914428	20.914428	20.914428	20.914428	20.914428	20.914428	20.914428	20.914428	20.914428	24.856094	24.856094	24.856094	24.856094	24.856094	24.856094	24.856094	24.856094	24.856094	24.856094	28.797761	28.797761	28.797761	28.797761	28.797761	28.797761	28.797761	28.797761	28.797761	28.797761	32.739428	32.739428	32.739428	32.739428	32.739428	32.739428	32.739428	32.739428	32.739428	32.739428	36.681094	36.681094	36.681094	36.681094	36.681094	36.681094	36.681094	36.681094	36.681094	36.681094
13.436213	13.436213	13.436213	13.436213	13.436213	13.436213	13.436213	13.436213	13.436213	13.436213	17.377879	17.377879	17.377879	17.377879	17.377879	17.377879	17.377879	17.377879	17.377879	17.377879	21.319546	21.319546	21.319546	21.319546	21.319546	21.319546	21.319546	21.319546	21.319546	21.319546	25.261213	25.261213	25.261213	25.261213	25.261213	25.261213	25.261213	25.261213	25.261213	25.261213	29.202879	29.202879	29.202879	29.202879	29.202879	29.202879	29.202879	29.202879	29.202879	29.202879	33.144546	33.144546	33.144546	33.144546	33.144546	33.144546	33.144546	33.144546	33.144546	33.144546	37.086213	37.086213	37.086213	37.086213	37.086213	37.086213	37.086213	37.086213	37.086213	37.086213
13.874402	13.874402	13.874402	13.874402	13.874402	13.874402	13.874402	13.874402	13.874402	13.874402	17.816068	17.816068	17.816068	17.816068	17.816068	17.816068	17.816068	17.816068	17.816068	17.816068	21.757735	21.757735	21.757735	21.757735	21.757735	21.757735	21.757735	21.757735	21.757735	21.757735	25.699402	25.699402	25.699402	25.699402	25.699402	25.699402	25.699402	25.699402	25.699402	25.699402	29.641068	29.641068	29.641068	29.641068	29.641068	29.641068	29.641068	29.641068	29.641068	29.641068	33.582735	33.582735	33.582735	33.582735	33.582735	33.582735	33.582735	33.582735	33.582735	33.582735	37.524402	37.524402	37.524402	37.524402	37.524402	37.524402	37.524402	37.524402	37.524402	37.524402
0	0	0	0	0	0	0	0	0	0	0	0	0	0	0	0	0	0	0	0	0	0	0	0	0	0	0	0	0	0	0	0	0	0	0	0	0	0	0	0	0	0	0	0	0	0	0	0	0	0	0	0	0	0	0	0	0	0	0	0	0	0	0	0	0	0	0	0	0	0
0	0	0	0	0	0	0	0	0	0	0	0	0	0	0	0	0	0	0	0	0	0	0	0	0	0	0	0	0	0	0	0	0	0	0	0	0	0	0	0	0	0	0	0	0	0	0	0	0	0	0	0	0	0	0	0	0	0	0	0	0	0	0	0	0	0	0	0	0	0
0	0	0	0	0	0	0	0	0	0	0	0	0	0	0	0	0	0	0	0	0	0	0	0	0	0	0	0	0	0	0	0	0	0	0	0	0	0	0	0	0	0	0	0	0	0	0	0	0	0	0	0	0	0	0	0	0	0	0	0	0	0	0	0	0	0	0	0	0	0
0	0	0	0	0	0	0	0	0	0	0	0	0	0	0	0	0	0	0	0	0	0	0	0	0	0	0	0	0	0	0	0	0	0	0	0	0	0	0	0	0	0	0	0	0	0	0	0	0	0	0	0	0	0	0	0	0	0	0	0	0	0	0	0	0	0	0	0	0	0
0	0	0	0	0	0	0	0	0	0	0	0	0	0	0	0	0	0	0	0	0	0	0	0	0	0	0	0	0	0	0	0	0	0	0	0	0	0	0	0	0	0	0	0	0	0	0	0	0	0	0	0	0	0	0	0	0	0	0	0	0	0	0	0	0	0	0	0	0	0
0	0	0	0	0	0	0	0	0	0	0	0	0	0	0	0	0	0	0	0	0	0	0	0	0	0	0	0	0	0	0	0	0	0	0	0	0	0	0	0	0	0	0	0	0	0	0	0	0	0	0	0	0	0	0	0	0	0	0	0	0	0	0	0	0	0	0	0	0	0
0	0	0	0	0	0	0	0	0	0	0	0	0	0	0	0	0	0	0	0	0	0	0	0	0	0	0	0	0	0	0	0	0	0	0	0	0	0	0	0	0	0	0	0	0	0	0	0	0	0	0	0	0	0	0	0	0	0	0	0	0	0	0	0	0	0	0	0	0	0
0	0	0	0	0	0	0	0	0	0	0	0	0	0	0	0	0	0	0	0	0	0	0	0	0	0	0	0	0	0	0	0	0	0	0	0	0	0	0	0	0	0	0	0	0	0	0	0	0	0	0	0	0	0	0	0	0	0	0	0	0	0	0	0	0	0	0	0	0	0
0	0	0	0	0	0	0	0	0	0	0	0	0	0	0	0	0	0	0	0	0	0	0	0	0	0	0	0	0	0	0	0	0	0	0	0	0	0	0	0	0	0	0	0	0	0	0	0	0	0	0	0	0	0	0	0	0	0	0	0	0	0	0	0	0	0	0	0	0	0
0	0	0	0	0	0	0	0	0	0	0	0	0	0	0	0	0	0	0	0	0	0	0	0	0	0	0	0	0	0	0	0	0	0	0	0	0	0	0	0	0	0	0	0	0	0	0	0	0	0	0	0	0	0	0	0	0	0	0	0	0	0	0	0	0	0	0	0	0	0
0	0	0	0	0	0	0	0	0	0	0	0	0	0	0	0	0	0	0	0	0	0	0	0	0	0	0	0	0	0	0	0	0	0	0	0	0	0	0	0	0	0	0	0	0	0	0	0	0	0	0	0	0	0	0	0	0	0	0	0	0	0	0	0	0	0	0	0	0	0
0	0	0	0	0	0	0	0	0	0	0	0	0	0	0	0	0	0	0	0	0	0	0	0	0	0	0	0	0	0	0	0	0	0	0	0	0	0	0	0	0	0	0	0	0	0	0	0	0	0	0	0	0	0	0	0	0	0	0	0	0	0	0	0	0	0	0	0	0	0
0	0	0	0	0	0	0	0	0	0	0	0	0	0	0	0	0	0	0	0	0	0	0	0	0	0	0	0	0	0	0	0	0	0	0	0	0	0	0	0	0	0	0	0	0	0	0	0	0	0	0	0	0	0	0	0	0	0	0	0	0	0	0	0	0	0	0	0	0	0
0	0	0	0	0	0	0	0	0	0	0	0	0	0	0	0	0	0	0	0	0	0	0	0	0	0	0	0	0	0	0	0	0	0	0	0	0	0	0	0	0	0	0	0	0	0	0	0	0	0	0	0	0	0	0	0	0	0	0	0	0	0	0	0	0	0	0	0	0	0
0	0	0	0	0	0	0	0	0	0	0	0	0	0	0	0	0	0	0	0	0	0	0	0	0	0	0	0	0	0	0	0	0	0	0	0	0	0	0	0	0	0	0	0	0	0	0	0	0	0	0	0	0	0	0	0	0	0	0	0	0	0	0	0	0	0	0	0	0	0
0	0	0	0	0	0	0	0	0	0	0	0	0	0	0	0	0	0	0	0	0	0	0	0	0	0	0	0	0	0	0	0	0	0	0	0	0	0	0	0	0	0	0	0	0	0	0	0	0	0	0	0	0	0	0	0	0	0	0	0	0	0	0	0	0	0	0	0	0	0
0	0	0	0	0	0	0	0	0	0	0	0	0	0	0	0	0	0	0	0	0	0	0	0	0	0	0	0	0	0	0	0	0	0	0	0	0	0	0	0	0	0	0	0	0	0	0	0	0	0	0	0	0	0	0	0	0	0	0	0	0	0	0	0	0	0	0	0	0	0
0	0	0	0	0	0	0	0	0	0	0	0	0	0	0	0	0	0	0	0	0	0	0	0	0	0	0	0	0	0	0	0	0	0	0	0	0	0	0	0	0	0	0	0	0	0	0	0	0	0	0	0	0	0	0	0	0	0	0	0	0	0	0	0	0	0	0	0	0	0
0	0	0	0	0	0	0	0	0	0	0	0	0	0	0	0	0	0	0	0	0	0	0	0	0	0	0	0	0	0	0	0	0	0	0	0	0	0	0	0	0	0	0	0	0	0	0	0	0	0	0	0	0	0	0	0	0	0	0	0	0	0	0	0	0	0	0	0	0	0
0	0	0	0	0	0	0	0	0	0	0	0	0	0	0	0	0	0	0	0	0	0	0	0	0	0	0	0	0	0	0	0	0	0	0	0	0	0	0	0	0	0	0	0	0	0	0	0	0	0	0	0	0	0	0	0	0	0	0	0	0	0	0	0	0	0	0	0	0	0
0	0	0	0	0	0	0	0	0	0	0	0	0	0	0	0	0	0	0	0	0	0	0	0	0	0	0	0	0	0	0	0	0	0	0	0	0	0	0	0	0	0	0	0	0	0	0	0	0	0	0	0	0	0	0	0	0	0	0	0	0	0	0	0	0	0	0	0	0	0
0	0	0	0	0	0	0	0	0	0	0	0	0	0	0	0	0	0	0	0	0	0	0	0	0	0	0	0	0	0	0	0	0	0	0	0	0	0	0	0	0	0	0	0	0	0	0	0	0	0	0	0	0	0	0	0	0	0	0	0	0	0	0	0	0	0	0	0	0	0
0	0	0	0	0	0	0	0	0	0	0	0	0	0	0	0	0	0	0	0	0	0	0	0	0	0	0	0	0	0	0	0	0	0	0	0	0	0	0	0	0	0	0	0	0	0	0	0	0	0	0	0	0	0	0	0	0	0	0	0	0	0	0	0	0	0	0	0	0	0
0	0	0	0	0	0	0	0	0	0	0	0	0	0	0	0	0	0	0	0	0	0	0	0	0	0	0	0	0	0	0	0	0	0	0	0	0	0	0	0	0	0	0	0	0	0	0	0	0	0	0	0	0	0	0	0	0	0	0	0	0	0	0	0	0	0	0	0	0	0
0	0	0	0	0	0	0	0	0	0	0	0	0	0	0	0	0	0	0	0	0	0	0	0	0	0	0	0	0	0	0	0	0	0	0	0	0	0	0	0	0	0	0	0	0	0	0	0	0	0	0	0	0	0	0	0	0	0	0	0	0	0	0	0	0	0	0	0	0	0
0	0	0	0	0	0	0	0	0	0	0	0	0	0	0	0	0	0	0	0	0	0	0	0	0	0	0	0	0	0	0	0	0	0	0	0	0	0	0	0	0	0	0	0	0	0	0	0	0	0	0	0	0	0	0	0	0	0	0	0	0	0	0	0	0	0	0	0	0	0
0	0	0	0	0	0	0	0	0	0	0	0	0	0	0	0	0	0	0	0	0	0	0	0	0	0	0	0	0	0	0	0	0	0	0	0	0	0	0	0	0	0	0	0	0	0	0	0	0	0	0	0	0	0	0	0	0	0	0	0	0	0	0	0	0	0	0	0	0	0
0	0	0	0	0	0	0	0	0	0	0	0	0	0	0	0	0	0	0	0	0	0	0	0	0	0	0	0	0	0	0	0	0	0	0	0	0	0	0	0	0	0	0	0	0	0	0	0	0	0	0	0	0	0	0	0	0	0	0	0	0	0	0	0	0	0	0	0	0	0
0	0	0	0	0	0	0	0	0	0	0	0	0	0	0	0	0	0	0	0	0	0	0	0	0	0	0	0	0	0	0	0	0	0	0	0	0	0	0	0	0	0	0	0	0	0	0	0	0	0	0	0	0	0	0	0	0	0	0	0	0	0	0	0	0	0	0	0	0	0
0	0	0	0	0	0	0	0	0	0	0	0	0	0	0	0	0	0	0	0	0	0	0	0	0	0	0	0	0	0	0	0	0	0	0	0	0	0	0	0	0	0	0	0	0	0	0	0	0	0	0	0	0	0	0	0	0	0	0	0	0	0	0	0	0	0	0	0	0	0
0	0	0	0	0	0	0	0	0	0	0	0	0	0	0	0	0	0	0	0	0	0	0	0	0	0	0	0	0	0	0	0	0	0	0	0	0	0	0	0	0	0	0	0	0	0	0	0	0	0	0	0	0	0	0	0	0	0	0	0	0	0	0	0	0	0	0	0	0	0
0	0	0	0	0	0	0	0	0	0	0	0	0	0	0	0	0	0	0	0	0	0	0	0	0	0	0	0	0	0	0	0	0	0	0	0	0	0	0	0	0	0	0	0	0	0	0	0	0	0	0	0	0	0	0	0	0	0	0	0	0	0	0	0	0	0	0	0	0	0
0	0	0	0	0	0	0	0	0	0	0	0	0	0	0	0	0	0	0	0	0	0	0	0	0	0	0	0	0	0	0	0	0	0	0	0	0	0	0	0	0	0	0	0	0	0	0	0	0	0	0	0	0	0	0	0	0	0	0	0	0	0	0	0	0	0	0	0	0	0
0	0	0	0	0	0	0	0	0	0	0	0	0	0	0	0	0	0	0	0	0	0	0	0	0	0	0	0	0	0	0	0	0	0	0	0	0	0	0	0	0	0	0	0	0	0	0	0	0	0	0	0	0	0	0	0	0	0	0	0	0	0	0	0	0	0	0	0	0	0
0	0	0	0	0	0	0	0	0	0	0	0	0	0	0	0	0	0	0	0	0	0	0	0	0	0	0	0	0	0	0	0	0	0	0	0	0	0	0	0	0	0	0	0	0	0	0	0	0	0	0	0	0	0	0	0	0	0	0	0	0	0	0	0	0	0	0	0	0	0
0	0	0	0	0	0	0	0	0	0	0	0	0	0	0	0	0	0	0	0	0	0	0	0	0	0	0	0	0	0	0	0	0	0	0	0	0	0	0	0	0	0	0	0	0	0	0	0	0	0	0	0	0	0	0	0	0	0	0	0	0	0	0	0	0	0	0	0	0	0
0	0	0	0	0	0	0	0	0	0	0	0	0	0	0	0	0	0	0	0	0	0	0	0	0	0	0	0	0	0	0	0	0	0	0	0	0	0	0	0	0	0	0	0	0	0	0	0	0	0	0	0	0	0	0	0	0	0	0	0	0	0	0	0	0	0	0	0	0	0
0	0	0	0	0	0	0	0	0	0	0	0	0	0	0	0	0	0	0	0	0	0	0	0	0	0	0	0	0	0	0	0	0	0	0	0	0	0	0	0	0	0	0	0	0	0	0	0	0	0	0	0	0	0	0	0	0	0	0	0	0	0	0	0	0	0	0	0	0	0
0	0	0	0	0	0	0	0	0	0	0	0	0	0	0	0	0	0	0	0	0	0	0	0	0	0	0	0	0	0	0	0	0	0	0	0	0	0	0	0	0	0	0	0	0	0	0	0	0	0	0	0	0	0	0	0	0	0	0	0	0	0	0	0	0	0	0	0	0	0
0	0	0	0	0	0	0	0	0	0	0	0	0	0	0	0	0	0	0	0	0	0	0	0	0	0	0	0	0	0	0	0	0	0	0	0	0	0	0	0	0	0	0	0	0	0	0	0	0	0	0	0	0	0	0	0	0	0	0	0	0	0	0	0	0	0	0	0	0	0
1.31496	1.307947	1.311453	1.311453	1.311453	1.31496	1.311453	1.31496	1.31496	1.31496	1.272881	1.265868	1.265868	1.262362	1.258855	1.265868	1.265868	1.269375	1.265868	1.272881	1.251842	1.237816	1.251842	1.255349	1.258855	1.244829	1.248335	1.255349	1.251842	1.251842	1.251842	1.244829	1.258855	1.265869	1.265869	1.255349	1.248336	1.251842	1.255349	1.251842	1.220283	1.227296	1.23431	1.227296	1.227296	1.230803	1.227296	1.22379	1.227296	1.227296	1.283401	1.279895	1.283401	1.283401	1.276388	1.279895	1.286907	1.283401	1.279894	1.276388	1.286907	1.286907	1.286907	1.290414	1.286907	1.290414	1.286907	1.290414	1.286907	1.29392
1.286071	1.292438	1.289255	1.289255	1.292438	1.289255	1.289255	1.289255	1.292438	1.292151	1.241504	1.238047	1.238047	1.238047	1.241229	1.238047	1.238047	1.238047	1.238047	1.241229	1.254238	1.238047	1.244688	1.251055	1.251055	1.251055	1.244688	1.251055	1.244688	1.244688	1.206488	1.203304	1.216038	1.225588	1.219221	1.209671	1.203304	1.216038	1.212854	1.215768	1.212585	1.21895	1.21895	1.212585	1.222133	1.231681	1.215768	1.215768	1.222133	1.222133	1.260604	1.260325	1.263787	1.260604	1.263787	1.25742	1.263787	1.263507	1.260604	1.260604	1.273337	1.273337	1.273337	1.26697	1.273337	1.27652	1.273337	1.27652	1.27652	1.273337
1.309525	1.312848	1.312848	1.312848	1.312848	1.312848	1.302877	1.306201	1.309524	1.302877	1.243051	1.239727	1.239727	1.243051	1.239727	1.239727	1.239727	1.243051	1.239727	1.239727	1.28323	1.279905	1.279905	1.286554	1.28323	1.289879	1.279905	1.286554	1.28323	1.276581	1.200119	1.19347	1.206768	1.206768	1.206768	1.203444	1.19347	1.206491	1.199844	1.206768	1.249698	1.249698	1.249698	1.236404	1.239727	1.253022	1.246375	1.243051	1.253022	1.246375	1.26964	1.259959	1.266317	1.266608	1.263284	1.266608	1.263284	1.263284	1.269933	1.266608	1.273257	1.273257	1.269933	1.266608	1.266317	1.273257	1.269933	1.269933	1.269933	1.26964
1.272403	1.278782	1.278782	1.275593	1.281971	1.278782	1.278782	1.275593	1.278782	1.278782	1.199057	1.202246	1.205435	1.205435	1.202246	1.195868	1.205435	1.205435	1.208624	1.202246	1.269215	1.269215	1.266025	1.269215	1.269215	1.266025	1.266026	1.259647	1.266025	1.262836	1.141655	1.141655	1.148033	1.151222	1.154411	1.148033	1.138466	1.144844	1.141655	1.148033	1.234135	1.227757	1.237324	1.227757	1.227757	1.234135	1.227757	1.230946	1.230946	1.230946	1.240513	1.240513	1.237324	1.237324	1.230946	1.243702	1.230946	1.230946	1.234136	1.234136	1.234136	1.234136	1.240513	1.246891	1.234136	1.243703	1.234136	1.240513	1.234136	1.240513
1.303748	1.30977	1.306759	1.303748	1.309497	1.309497	1.306759	1.309497	1.306486	1.309497	1.234238	1.234238	1.234238	1.237249	1.231228	1.228218	1.234495	1.228218	1.237249	1.234238	1.291704	1.294715	1.303748	1.297726	1.294715	1.294715	1.297726	1.294715	1.297726	1.297726	1.168254	1.162232	1.165243	1.174276	1.177042	1.174031	1.174276	1.162232	1.171265	1.177287	1.273372	1.267352	1.270362	1.273372	1.267352	1.270362	1.270362	1.273372	1.270362	1.267352	1.273372	1.267616	1.267616	1.270627	1.261594	1.267616	1.267616	1.267616	1.267616	1.270627	1.285682	1.285682	1.288424	1.288693	1.285682	1.291704	1.282671	1.288424	1.285414	1.288424
1.248742	1.255857	1.255857	1.248742	1.259415	1.255857	1.2523	1.259415	1.2523	1.249049	1.184996	1.184996	1.181437	1.188554	1.188554	1.177878	1.184996	1.17432	1.184996	1.192113	1.259725	1.259415	1.259415	1.252608	1.256167	1.2523	1.255857	1.255857	1.256167	1.255857	1.142012	1.142012	1.134897	1.142012	1.138734	1.152685	1.149127	1.134897	1.142293	1.152968	1.231256	1.22414	1.227698	1.22414	1.227698	1.227698	1.227698	1.227698	1.22414	1.227698	1.238374	1.238374	1.238374	1.241932	1.234511	1.234815	1.241627	1.238069	1.238069	1.234511	1.248742	1.2523	1.248742	1.248742	1.245184	1.248742	1.248742	1.2523	1.248742	1.245491
1.282674	1.290067	1.282674	1.278977	1.282674	1.278977	1.282674	1.28637	1.282674	1.28637	1.23462	1.22353	1.227227	1.230923	1.230923	1.230923	1.227227	1.22353	1.23462	1.230923	1.29746	1.29746	1.29746	1.293763	1.29746	1.293763	1.293763	1.293763	1.293764	1.29746	1.197655	1.205048	1.197655	1.205048	1.201352	1.201352	1.205048	1.193959	1.205048	1.212441	1.278978	1.275281	1.275281	1.275281	1.275281	1.278978	1.275281	1.275281	1.278978	1.275281	1.290067	1.290067	1.293764	1.293764	1.293764	1.286371	1.301157	1.293764	1.293764	1.290067	1.29746	1.29746	1.293764	1.29746	1.293764	1.29746	1.293764	1.293764	1.293764	1.293764
1.1769	1.1769	1.180566	1.173233	1.1769	1.180566	1.180566	1.180566	1.1769	1.180566	1.13657	1.13657	1.140236	1.140236	1.143902	1.13657	1.13657	1.13657	1.132903	1.125571	1.198898	1.198898	1.198898	1.202564	1.202564	1.202564	1.206231	1.198898	1.202564	1.198898	1.103573	1.103573	1.107239	1.110906	1.110906	1.110906	1.107239	1.107239	1.103573	1.107239	1.187899	1.184233	1.184233	1.184233	1.184233	1.187899	1.187899	1.187899	1.191565	1.187899	1.198898	1.202564	1.202564	1.202564	1.202564	1.198898	1.195232	1.198898	1.198898	1.202564	1.206231	1.206231	1.202564	1.20623	1.198897	1.206231	1.206231	1.198897	1.202564	1.20623
1.209656	1.209931	1.206387	1.206387	1.206387	1.209656	1.206387	1.206387	1.203118	1.209656	1.170424	1.170424	1.17723	1.173694	1.180232	1.17069	1.170424	1.16415	1.17069	1.16415	1.232821	1.229551	1.236091	1.232821	1.229551	1.226281	1.232821	1.229551	1.236091	1.232821	1.147799	1.137989	1.13773	1.13773	1.144269	1.140999	1.140999	1.13773	1.140999	1.13773	1.229272	1.222733	1.222733	1.222733	1.226002	1.219464	1.222733	1.219741	1.223011	1.219741	1.232821	1.229551	1.229551	1.229551	1.229551	1.239361	1.229551	1.226281	1.229551	1.239361	1.242349	1.242349	1.23908	1.242349	1.242349	1.245619	1.242349	1.245619	1.242349	1.245619
1.217695	1.221096	1.217695	1.210892	1.217695	1.217695	1.217695	1.210892	1.217695	1.214293	1.180279	1.176878	1.187082	1.190483	1.200687	1.187082	1.180279	1.183681	1.180279	1.176878	1.241504	1.238103	1.238103	1.238103	1.2313	1.227898	1.241504	1.238103	1.234702	1.234702	1.15647	1.153069	1.149667	1.146266	1.15647	1.15647	1.159871	1.146266	1.15647	1.15647	1.234702	1.234702	1.2313	1.234702	1.234702	1.234702	1.238103	1.234702	1.234702	1.2313	1.241504	1.238102	1.241504	1.238103	1.231299	1.244906	1.238102	1.238102	1.234701	1.241504	1.255109	1.255109	1.248306	1.248306	1.251708	1.25851	1.255109	1.251708	1.255109	1.255109
1.12309	1.129112	1.126101	1.12309	1.129112	1.126101	1.126101	1.12309	1.126101	1.129112	1.09298	1.099002	1.099002	1.108035	1.114057	1.102013	1.095991	1.099002	1.095991	1.09298	1.141156	1.132123	1.144167	1.138145	1.138145	1.12309	1.147178	1.129112	1.141156	1.138145	1.083947	1.077925	1.074915	1.077925	1.074915	1.080936	1.080936	1.077925	1.077925	1.083947	1.147178	1.150189	1.147178	1.144167	1.144167	1.147178	1.150189	1.147178	1.147178	1.144167	1.150189	1.1532	1.156211	1.159222	1.1532	1.147178	1.159222	1.159222	1.159222	1.156211	1.168254	1.165244	1.165244	1.165244	1.165244	1.168254	1.165244	1.165244	1.168254	1.168254
1.203937	1.203937	1.203937	1.200666	1.21048	1.21048	1.207209	1.21048	1.21048	1.207209	1.184308	1.18758	1.18758	1.197394	1.200666	1.194123	1.181037	1.181037	1.181037	1.181037	1.203938	1.200666	1.210481	1.200666	1.200666	1.190851	1.213752	1.194123	1.207209	1.210481	1.177765	1.171222	1.16795	1.16795	1.16795	1.174493	1.171222	1.174493	1.171222	1.16795	1.230109	1.230109	1.226838	1.226838	1.226838	1.226838	1.223566	1.226838	1.226838	1.223566	1.243196	1.243196	1.249739	1.249739	1.243196	1.239924	1.249739	1.249739	1.25301	1.243196	1.246467	1.246467	1.246467	1.246467	1.249739	1.246468	1.249739	1.243196	1.246468	1.249739
1.193196	1.193196	1.19652	1.193196	1.19652	1.199843	1.199843	1.199843	1.199843	1.199843	1.199843	1.203167	1.206491	1.209535	1.216181	1.209535	1.196243	1.199566	1.196243	1.186275	1.19292	1.189597	1.19292	1.183225	1.182952	1.176578	1.199566	1.176306	1.189597	1.183225	1.183225	1.176578	1.173254	1.183225	1.176578	1.183225	1.183225	1.183225	1.186549	1.183225	1.229756	1.226433	1.229756	1.226149	1.226149	1.226149	1.226149	1.226149	1.229472	1.226149	1.242764	1.242764	1.24941	1.242764	1.24941	1.246374	1.246087	1.239441	1.24941	1.242764	1.243051	1.243051	1.243051	1.243051	1.243051	1.246374	1.243051	1.243051	1.246374	1.243051
1.198186	1.195285	1.189482	1.189482	1.189482	1.198186	1.195285	1.192383	1.195285	1.198186	1.224296	1.218494	1.224296	1.227198	1.224296	1.224296	1.212692	1.212692	1.218494	1.20979	1.172075	1.169174	1.180779	1.172075	1.169174	1.16047	1.180779	1.157569	1.166273	1.163372	1.192384	1.192384	1.189482	1.206889	1.192384	1.201087	1.198186	1.195285	1.198186	1.195285	1.230099	1.224296	1.224296	1.224296	1.224296	1.224296	1.227198	1.224296	1.224296	1.221395	1.233	1.230099	1.233	1.233	1.230099	1.238802	1.230099	1.227198	1.233	1.238802	1.241704	1.244605	1.247506	1.247506	1.244605	1.244605	1.244605	1.241704	1.244605	1.247506
1.252772	1.244602	1.241878	1.239155	1.244602	1.252772	1.247325	1.247325	1.247325	1.252772	1.296347	1.296347	1.296347	1.30724	1.29907	1.301548	1.293379	1.296347	1.298825	1.293379	1.217138	1.208969	1.222584	1.206246	1.214415	1.208969	1.225306	1.203523	1.217138	1.203751	1.271596	1.260943	1.258219	1.277283	1.26639	1.271837	1.26639	1.263666	1.269113	1.269113	1.28273	1.280007	1.285454	1.280007	1.280007	1.28273	1.280007	1.280007	1.280007	1.280007	1.285454	1.288177	1.285454	1.28273	1.280007	1.285454	1.285454	1.285454	1.28273	1.288177	1.309716	1.306993	1.309716	1.306993	1.306993	1.312439	1.306993	1.306993	1.306993	1.312439
1.204215	1.204215	1.200705	1.193683	1.193683	1.204215	1.193683	1.190464	1.197194	1.193975	1.264209	1.264209	1.260697	1.264209	1.267721	1.264209	1.264209	1.260697	1.264209	1.257186	1.151553	1.148042	1.155064	1.148042	1.151553	1.144532	1.151553	1.144532	1.155064	1.148042	1.232302	1.232302	1.228792	1.239324	1.232603	1.239324	1.235813	1.232603	1.228792	1.232302	1.236115	1.236115	1.236115	1.236115	1.232603	1.236115	1.232603	1.236115	1.236115	1.236115	1.253673	1.250162	1.24665	1.250162	1.24665	1.243138	1.250162	1.250162	1.250162	1.24665	1.260697	1.257185	1.256878	1.257185	1.253673	1.260697	1.256878	1.256878	1.253673	1.260389
1.187142	1.180219	1.183681	1.180219	1.180219	1.187142	1.176758	1.183681	1.173297	1.183681	1.263285	1.259824	1.259824	1.259824	1.256363	1.263285	1.25606	1.256363	1.259824	1.259824	1.138413	1.134953	1.134953	1.124572	1.138413	1.128032	1.138413	1.134953	1.134953	1.131493	1.232135	1.231839	1.228674	1.231839	1.228674	1.228674	1.231839	1.232135	1.228674	1.232135	1.228674	1.232135	1.228674	1.228674	1.232135	1.235596	1.232135	1.232135	1.232135	1.232135	1.252901	1.252901	1.252901	1.252901	1.252901	1.24944	1.252901	1.252901	1.252901	1.256363	1.24944	1.252901	1.245979	1.24914	1.252901	1.252901	1.256363	1.256363	1.256061	1.256363
1.176665	1.190229	1.186838	1.180056	1.180056	1.186838	1.180056	1.186838	1.183169	1.180056	1.264533	1.264533	1.264533	1.261143	1.264533	1.264533	1.261143	1.264533	1.264533	1.264533	1.152658	1.139097	1.135707	1.135707	1.135974	1.132583	1.142756	1.139365	1.139365	1.139365	1.234312	1.234312	1.234312	1.234312	1.234312	1.237703	1.234312	1.237703	1.234312	1.234022	1.234312	1.241094	1.240802	1.244485	1.237412	1.240802	1.237412	1.237703	1.240802	1.237412	1.261143	1.261143	1.264533	1.257753	1.261143	1.261143	1.264533	1.261143	1.257753	1.258049	1.258049	1.258049	1.26144	1.26144	1.26144	1.258049	1.254658	1.258049	1.258049	1.258049
1.190834	1.190834	1.197202	1.18765	1.190834	1.197202	1.200386	1.194018	1.190834	1.190834	1.273619	1.270435	1.270435	1.270435	1.267251	1.273619	1.26753	1.264346	1.26753	1.264346	1.165618	1.156064	1.159249	1.162434	1.162434	1.156064	1.162434	1.162434	1.165618	1.171988	1.248422	1.244963	1.248422	1.244963	1.244963	1.244963	1.244963	1.244963	1.244963	1.248147	1.257699	1.257699	1.257699	1.260883	1.257699	1.257699	1.257699	1.257699	1.257699	1.257699	1.26753	1.26753	1.26753	1.264345	1.26753	1.264345	1.26753	1.26753	1.26753	1.264345	1.26753	1.26753	1.270435	1.273899	1.270715	1.273899	1.270435	1.270715	1.270435	1.267251
1.327351	1.34293	1.34293	1.339814	1.342639	1.336408	1.345754	1.336408	1.339523	1.342639	1.414288	1.417403	1.414288	1.414288	1.411172	1.417403	1.411172	1.411172	1.414288	1.411172	1.318002	1.308655	1.311771	1.321118	1.318002	1.314887	1.321118	1.318002	1.314887	1.321118	1.389667	1.392783	1.392783	1.389667	1.389667	1.389667	1.389667	1.386551	1.392783	1.395899	1.405246	1.408362	1.408362	1.405246	1.405246	1.405246	1.405246	1.405246	1.408362	1.405246	1.417709	1.414594	1.420825	1.417709	1.417709	1.414594	1.414594	1.414594	1.414594	1.414594	1.423941	1.423941	1.417709	1.423941	1.423941	1.423941	1.423941	1.423941	1.420825	1.420825
1.191796	1.208729	1.205285	1.201842	1.208729	1.19151	1.205285	1.201842	1.205285	1.201842	1.281046	1.267575	1.267575	1.26413	1.267575	1.274159	1.267575	1.267271	1.267575	1.267575	1.184907	1.181463	1.184907	1.184907	1.184907	1.181463	1.184907	1.188352	1.184907	1.188352	1.25694	1.253496	1.25694	1.25694	1.25694	1.260384	1.25694	1.25694	1.253496	1.25694	1.270715	1.270715	1.274158	1.270715	1.267271	1.270715	1.274158	1.270715	1.274158	1.270715	1.277908	1.281352	1.277908	1.277908	1.277908	1.277908	1.274463	1.281046	1.277908	1.277908	1.284797	1.281352	1.287934	1.291686	1.287934	1.281352	1.291377	1.284797	1.28449	1.288241
1.181798	1.19554	1.192105	1.188669	1.192105	1.181798	1.185234	1.185234	1.192105	1.19554	1.267685	1.260814	1.257379	1.257379	1.257379	1.264249	1.260814	1.257379	1.257379	1.257379	1.168057	1.171492	1.164621	1.171492	1.171492	1.161186	1.174928	1.164621	1.171492	1.168057	1.253943	1.250508	1.250508	1.250507	1.247071	1.247071	1.247071	1.250508	1.247071	1.250507	1.260813	1.257378	1.260813	1.260813	1.260813	1.260813	1.260813	1.257378	1.260813	1.260813	1.274555	1.271119	1.274555	1.267684	1.267684	1.267684	1.274555	1.274555	1.271119	1.274555	1.281426	1.27799	1.27799	1.281426	1.284861	1.274555	1.284861	1.27799	1.281426	1.284861
1.151081	1.170481	1.167248	1.164014	1.167248	1.157547	1.167248	1.154314	1.16751	1.170481	1.228958	1.225723	1.228682	1.228958	1.222489	1.232192	1.219255	1.216021	1.222489	1.222489	1.141637	1.141637	1.138147	1.138403	1.144871	1.1287	1.144614	1.134913	1.144871	1.138147	1.222214	1.218981	1.218981	1.218981	1.218981	1.218981	1.222214	1.218981	1.218981	1.222214	1.228681	1.231915	1.228957	1.228957	1.225723	1.228957	1.225723	1.228957	1.225723	1.228957	1.241893	1.241893	1.245127	1.241893	1.245127	1.241893	1.245127	1.241893	1.245127	1.241893	1.254548	1.254548	1.254548	1.254548	1.261015	1.251315	1.254548	1.254548	1.254548	1.254548
1.156756	1.173328	1.166699	1.163385	1.176643	1.163385	1.173328	1.156756	1.170014	1.176643	1.239618	1.223045	1.223045	1.223045	1.223045	1.229675	1.216416	1.216416	1.216416	1.219731	1.143498	1.143498	1.150127	1.140184	1.143498	1.143498	1.146813	1.133555	1.146813	1.143498	1.219731	1.223046	1.223046	1.223046	1.219731	1.223046	1.223046	1.223046	1.223046	1.223046	1.229675	1.22636	1.229675	1.22636	1.22636	1.229675	1.229391	1.229675	1.22636	1.226077	1.249562	1.242933	1.242933	1.246247	1.249273	1.245959	1.245959	1.245959	1.245959	1.239332	1.259214	1.259214	1.262528	1.262528	1.259214	1.262528	1.2559	1.262528	1.262528	1.262528
1.19685	1.219463	1.196578	1.203117	1.209656	1.199847	1.209656	1.193309	1.212925	1.212925	1.242349	1.242349	1.245618	1.242631	1.242349	1.245901	1.23581	1.236091	1.229551	1.236091	1.19031	1.19358	1.19685	1.18377	1.18704	1.19031	1.19358	1.183501	1.19031	1.18377	1.252157	1.258696	1.258982	1.255426	1.255426	1.252157	1.255426	1.248888	1.255426	1.255426	1.265234	1.268504	1.268792	1.265234	1.261965	1.265234	1.262252	1.265234	1.268792	1.258981	1.275332	1.275332	1.268792	1.275332	1.272062	1.272062	1.272062	1.275332	1.275332	1.275332	1.291389	1.298222	1.294952	1.28812	1.288412	1.294659	1.294659	1.291389	1.294659	1.297928
1.180923	1.201334	1.180923	1.18967	1.192586	1.186755	1.198418	1.180923	1.183839	1.195502	1.207166	1.195502	1.207166	1.198418	1.201334	1.198418	1.192586	1.201334	1.18967	1.201334	1.172413	1.17533	1.169497	1.169497	1.169497	1.17533	1.178246	1.169497	1.172413	1.163664	1.227826	1.227577	1.227826	1.230743	1.227577	1.227577	1.227826	1.227577	1.227826	1.233409	1.245073	1.245073	1.247989	1.247989	1.245073	1.247989	1.245073	1.245073	1.247989	1.245073	1.250904	1.250904	1.247989	1.250904	1.250904	1.250904	1.250904	1.250904	1.25382	1.25382	1.265484	1.265484	1.265484	1.265484	1.268399	1.262568	1.262568	1.262568	1.262568	1.268399
1.20408	1.219924	1.20408	1.213586	1.200912	1.200912	1.213586	1.20408	1.207249	1.216755	1.191406	1.1819	1.194575	1.175563	1.178732	1.172394	1.172395	1.181901	1.166057	1.1819	1.178732	1.181901	1.181901	1.175563	1.178732	1.181901	1.188238	1.178732	1.181901	1.178732	1.22943	1.22943	1.226261	1.226261	1.226261	1.226261	1.22943	1.226261	1.226261	1.22943	1.245273	1.238936	1.242104	1.238936	1.245273	1.245273	1.245273	1.245273	1.242104	1.242378	1.245547	1.245547	1.245547	1.248716	1.245547	1.242378	1.248716	1.248716	1.251886	1.248716	1.248716	1.248442	1.251611	1.251886	1.257948	1.254779	1.257948	1.257948	1.261117	1.257948
1.242502	1.24894	1.242502	1.239283	1.236065	1.236065	1.24894	1.239283	1.229626	1.236064	1.194218	1.181342	1.18778	1.178123	1.171686	1.174904	1.168467	1.181342	1.168467	1.178123	1.210313	1.203875	1.213531	1.213531	1.213531	1.210313	1.216751	1.207094	1.210313	1.210313	1.242502	1.239283	1.236064	1.236064	1.239283	1.232845	1.239283	1.232845	1.239283	1.236064	1.239283	1.239283	1.239283	1.242502	1.239283	1.245721	1.245721	1.239283	1.239283	1.239283	1.261815	1.261815	1.265034	1.261815	1.261815	1.258597	1.268253	1.261815	1.265034	1.261815	1.268253	1.27791	1.265034	1.274691	1.27791	1.27791	1.274691	1.281129	1.274691	1.271472
1.238871	1.242341	1.235401	1.238871	1.235401	1.235401	1.235401	1.235401	1.235401	1.238871	1.159056	1.138509	1.148922	1.131567	1.128096	1.145451	1.135038	1.135038	1.131567	1.138509	1.204459	1.200988	1.207638	1.204459	1.207638	1.207638	1.211109	1.204168	1.20793	1.204459	1.218049	1.214579	1.221519	1.221519	1.214579	1.218049	1.218049	1.218049	1.214579	1.218049	1.221519	1.225286	1.23193	1.221815	1.221815	1.218343	1.218343	1.218343	1.225286	1.214872	1.242641	1.23917	1.246112	1.245811	1.249282	1.246112	1.249282	1.245811	1.245811	1.242341	1.263162	1.259692	1.263162	1.270103	1.259692	1.263162	1.256222	1.259692	1.259692	1.256222
1.26847	1.271791	1.271791	1.271791	1.26847	1.265149	1.275111	1.271791	1.26847	1.261829	1.152249	1.15557	1.165531	1.145608	1.152249	1.162211	1.15557	1.148928	1.15889	1.15557	1.245226	1.248546	1.241905	1.245226	1.245226	1.245226	1.248546	1.245226	1.245226	1.241905	1.248546	1.245226	1.251867	1.248546	1.248546	1.245226	1.245226	1.248546	1.248546	1.248546	1.261829	1.261829	1.265149	1.265149	1.261829	1.261829	1.261829	1.258508	1.26847	1.258508	1.275111	1.271791	1.275111	1.275111	1.271791	1.271496	1.271496	1.271496	1.271496	1.271496	1.288095	1.291714	1.291415	1.294735	1.284776	1.288393	1.291415	1.291415	1.284776	1.285073
1.249809	1.24644	1.249809	1.24644	1.24644	1.253178	1.249809	1.24644	1.239702	1.253178	1.13864	1.131638	1.131638	1.12827	1.121534	1.135006	1.135006	1.131638	1.135006	1.124902	1.225941	1.225941	1.225941	1.225941	1.226228	1.225941	1.229309	1.229309	1.22286	1.226228	1.229597	1.226228	1.229597	1.229597	1.226228	1.229597	1.226228	1.226228	1.226228	1.229597	1.246441	1.253178	1.24981	1.24981	1.246441	1.246441	1.246441	1.246441	1.246441	1.24981	1.24981	1.24981	1.246441	1.256547	1.24981	1.253178	1.253178	1.253178	1.24981	1.256253	1.283197	1.279829	1.286565	1.289933	1.276461	1.273093	1.283197	1.276461	1.276461	1.279829
1.233575	1.237225	1.237225	1.237225	1.240874	1.237225	1.240874	1.233575	1.240874	1.233575	1.131386	1.124086	1.120437	1.127736	1.116787	1.135035	1.127736	1.135035	1.135035	1.124086	1.218976	1.218976	1.215327	1.222626	1.215327	1.215327	1.215327	1.218976	1.218976	1.218976	1.222626	1.226276	1.226276	1.218976	1.218976	1.218976	1.222626	1.218976	1.222626	1.222626	1.237224	1.237224	1.240874	1.240874	1.240874	1.240874	1.237224	1.237224	1.240874	1.240874	1.248173	1.244524	1.244524	1.241189	1.244839	1.241189	1.241189	1.244839	1.241189	1.244839	1.266743	1.259441	1.274044	1.274044	1.274044	1.263092	1.274044	1.270393	1.274044	1.274044
1.227757	1.227757	1.227757	1.234135	1.234135	1.230946	1.237324	1.234135	1.237324	1.230946	1.154411	1.144844	1.144844	1.148033	1.148033	1.141655	1.154411	1.1576	1.148033	1.144844	1.227757	1.221379	1.224568	1.221379	1.224298	1.221379	1.22111	1.224298	1.22111	1.21819	1.237051	1.237051	1.24024	1.237051	1.233863	1.233863	1.24024	1.237051	1.233863	1.24024	1.249804	1.246616	1.246616	1.246616	1.246616	1.246616	1.246891	1.249804	1.246616	1.243703	1.250081	1.253269	1.253269	1.253269	1.250081	1.256458	1.253269	1.253269	1.246891	1.253269	1.278781	1.275592	1.275592	1.275592	1.272403	1.272403	1.275592	1.275592	1.275592	1.272403
1.3118	1.3118	1.304709	1.315346	1.315346	1.3118	1.3118	1.304709	1.3118	1.3118	1.233801	1.233801	1.237346	1.237346	1.230255	1.233801	1.233801	1.233801	1.230255	1.230255	1.308254	1.308254	1.308254	1.3118	1.308254	1.308254	1.3118	1.308254	1.308254	1.308254	1.322436	1.318891	1.318891	1.322436	1.315345	1.322436	1.322436	1.322436	1.318891	1.322436	1.329527	1.325982	1.325982	1.325982	1.325982	1.325982	1.325982	1.322437	1.329528	1.325982	1.336618	1.340164	1.340164	1.333073	1.333073	1.336618	1.333073	1.347255	1.329528	1.336618	1.347255	1.354345	1.3508	1.3508	1.3508	1.3508	1.354345	1.354345	1.354345	1.3508
1.203714	1.214493	1.2109	1.218086	1.214493	1.2109	1.218086	1.207307	1.218086	1.214493	1.139037	1.135443	1.135443	1.139037	1.13185	1.146223	1.14263	1.13185	1.139037	1.135443	1.22168	1.225273	1.22168	1.22168	1.225273	1.225273	1.22168	1.225273	1.22168	1.225273	1.232459	1.228865	1.232459	1.232459	1.221679	1.225272	1.228865	1.232459	1.225272	1.228865	1.243238	1.243238	1.243238	1.243238	1.243238	1.239645	1.243238	1.243238	1.243238	1.243238	1.254017	1.25761	1.261204	1.254017	1.254017	1.25761	1.254017	1.25761	1.254017	1.254017	1.261204	1.261204	1.264797	1.261204	1.264797	1.261204	1.264797	1.264797	1.264797	1.261204
1.215876	1.225654	1.228914	1.228914	1.222395	1.219135	1.232175	1.219135	1.228914	1.225654	1.16372	1.16372	1.16698	1.16372	1.1572	1.16372	1.16372	1.16372	1.1572	1.150681	1.241953	1.245213	1.241953	1.241953	1.245213	1.245213	1.245213	1.245213	1.241953	1.241953	1.248473	1.248473	1.245213	1.251732	1.241953	1.248473	1.251732	1.248473	1.245213	1.245213	1.264771	1.261512	1.264771	1.258252	1.261512	1.264771	1.261512	1.261512	1.264771	1.258252	1.28433	1.28433	1.287589	1.27781	1.27781	1.28107	1.28107	1.287589	1.28107	1.28107	1.290849	1.294109	1.28433	1.287589	1.287589	1.287589	1.287589	1.287589	1.290849	1.287589
1.183312	1.186674	1.196759	1.196759	1.190036	1.183312	1.190036	1.183312	1.196759	1.196759	1.159781	1.159781	1.163142	1.153057	1.163142	1.163142	1.166504	1.153057	1.153057	1.156419	1.227014	1.230376	1.227014	1.227014	1.223652	1.227014	1.223652	1.227014	1.227014	1.223652	1.233737	1.237098	1.237098	1.230375	1.237098	1.237098	1.237098	1.233737	1.233737	1.237098	1.247183	1.243822	1.247183	1.247183	1.247183	1.243822	1.247183	1.243822	1.243822	1.247183	1.267353	1.267353	1.270715	1.26063	1.26063	1.267353	1.263992	1.267353	1.263992	1.267353	1.277439	1.277439	1.277439	1.2808	1.2808	1.277439	1.277439	1.274077	1.277439	1.277439
1.180924	1.190657	1.197146	1.190657	1.187413	1.184168	1.193901	1.184168	1.190657	1.20039	1.190657	1.190657	1.190657	1.197146	1.197146	1.190657	1.193901	1.193901	1.190657	1.193901	1.24581	1.24581	1.24581	1.24581	1.249055	1.249055	1.24581	1.24581	1.24581	1.24581	1.262032	1.262032	1.265276	1.265276	1.262032	1.265276	1.265276	1.262032	1.265276	1.265276	1.265276	1.262032	1.26852	1.265276	1.262032	1.265276	1.262032	1.262032	1.26852	1.262032	1.281497	1.278253	1.278253	1.271765	1.275009	1.271765	1.271765	1.284742	1.275009	1.275009	1.297719	1.300963	1.297719	1.294475	1.294475	1.294475	1.297719	1.297719	1.297719	1.297719
1.161981	1.165227	1.171719	1.168473	1.165227	1.165227	1.171719	1.161981	1.168473	1.174964	1.213914	1.207422	1.210668	1.213914	1.213914	1.210668	1.210668	1.213914	1.213914	1.217159	1.249617	1.246371	1.246371	1.246371	1.246371	1.243126	1.246371	1.243126	1.243126	1.243126	1.252863	1.249617	1.246371	1.256109	1.246371	1.252863	1.252863	1.252863	1.249617	1.249617	1.272337	1.265846	1.2626	1.269092	1.272337	1.265846	1.265846	1.265846	1.265846	1.269092	1.282075	1.288566	1.285321	1.285321	1.282075	1.285321	1.285321	1.285321	1.282075	1.282075	1.304796	1.298304	1.298304	1.30155	1.304796	1.298304	1.304796	1.304795	1.308041	1.30155
1.150837	1.150837	1.160427	1.154033	1.160427	1.150837	1.14764	1.141499	1.15723	1.154033	1.234226	1.237424	1.240621	1.240621	1.240621	1.237424	1.243819	1.240621	1.243819	1.243819	1.250214	1.247016	1.247016	1.250214	1.250214	1.250214	1.250214	1.247016	1.250214	1.250214	1.256609	1.259806	1.259806	1.253411	1.256609	1.253411	1.256609	1.259806	1.256609	1.256609	1.282188	1.282188	1.282188	1.278991	1.278991	1.278991	1.278991	1.275794	1.282188	1.278991	1.294979	1.294979	1.298176	1.294979	1.294979	1.294979	1.294979	1.304571	1.291781	1.294979	1.320559	1.320559	1.317361	1.317361	1.314163	1.320559	1.320559	1.314163	1.323756	1.317361
1.326211	1.328748	1.330124	1.330181	1.327582	1.328553	1.328028	1.330273	1.32596	1.326542	1.332015	1.327919	1.330004	1.330798	1.329233	1.326354	1.331267	1.327816	1.327359	1.328839	1.327222	1.331975	1.329353	1.33069	1.326794	1.328445	1.327988	1.333301	1.32989	1.330587	1.330273	1.331655	1.327965	1.328508	1.32921	1.329039	1.328096	1.327908	1.328708	1.327942	1.326714	1.33137	1.328073	1.332866	1.327548	1.328759	1.329964	1.326908	1.327308	1.328382	1.332529	1.327651	1.326708	1.329045	1.327971	1.328068	1.329136	1.330056	1.327525	1.329005	1.32596	1.32408	1.32424	1.331604	1.326742	1.328542	1.32905	1.327548	1.327611	1.32372
71.879254	71.97506	71.957536	71.960821	71.960798	71.981639	71.955917	72.020194	71.956671	72.031821	72.062139	72.06446	72.015746	72.046429	72.066119	72.064663	72.064492	72.064437	72.062921	72.080103	72.064361	72.097901	72.094266	72.138659	72.164183	72.061802	72.172841	72.160687	72.162063	72.162861	72.243512	72.168437	72.172833	72.162214	72.162056	72.163722	72.213103	72.168488	72.162087	72.239444	72.254198	72.220274	72.228016	72.17	72.261861	72.262274	72.277321	72.260123	72.261317	72.262357	72.260877	72.261817	72.261167	72.262151	72.306389	72.255	72.233798	72.2845	72.271774	72.316933	72.365972	72.359651	72.283381	72.374798	72.35694	72.265111	72.369202	72.358679	72.341409	72.290048
29.52	29.52	29.52	29.52	29.52	29.52	29.52	29.52	29.52	29.52	29.52	29.52	29.52	29.52	29.52	29.52	29.52	29.52	29.52	29.52	29.52	29.52	29.52	29.52	29.52	29.52	29.52	29.52	29.52	29.52	29.52	29.52	29.52	29.52	29.52	29.52	29.52	29.52	29.52	29.52	29.52	29.52	29.52	29.52	29.52	29.52	29.52	29.52	29.52	29.52	29.52	29.52	29.52	29.52	29.52	29.52	29.52	29.52	29.52	29.52	29.52	29.52	29.52	29.52	29.52	29.52	29.52	29.52	29.52	29.52
526556400	526558700	526561100	526563700	526566100	526568500	526570900	526573300	526575700	526578100	526591800	526594300	526596700	526599100	526601700	526604100	526606500	526608900	526611300	526613700	526627400	526629900	526632300	526634700	526637100	526639500	526642100	526644500	526646900	526649300	526663200	526665700	526668100	526670500	526672900	526675300	526677700	526680100	526682500	526684900	526698600	526701100	526703500	526706100	526708500	526710900	526713300	526715700	526718100	526720700	526734400	526736900	526739500	526741900	526744300	526746900	526749300	526751700	526754100	526756500	526770200	526772700	526775100	526777500	526779900	526782300	526784700	526787100	526789500	526791900
