0	1	2	3	4	5	6	7	8	9	0	1	2	3	4	5	6	7	8	9	0	1	2	3	4	5	6	7	8	9	0	1	2	3	4	5	6	7	8	9	0	1	2	3	4	5	6	7	8	9	0	1	2	3	4	5	6	7	8	9	0	1	2	3	4	5	6	7	8	9
0	0	0	0	0	0	0	0	0	0	1	1	1	1	1	1	1	1	1	1	2	2	2	2	2	2	2	2	2	2	3	3	3	3	3	3	3	3	3	3	4	4	4	4	4	4	4	4	4	4	5	5	5	5	5	5	5	5	5	5	6	6	6	6	6	6	6	6	6	6
0	0	0	0	0	0	0	0	0	0	0	0	0	0	0	0	0	0	0	0	0	0	0	0	0	0	0	0	0	0	0	0	0	0	0	0	0	0	0	0	0	0	0	0	0	0	0	0	0	0	0	0	0	0	0	0	0	0	0	0	0	0	0	0	0	0	0	0	0	0
0.499598	0.499598	0.499598	0.499598	0.499598	0.499598	0.499598	0.499598	0.499598	0.499598	4.441265	4.441265	4.441265	4.441265	4.441265	4.441265	4.441265	4.441265	4.441265	4.441265	8.382932	8.382932	8.382932	8.382932	8.382932	8.382932	8.382932	8.382932	8.382932	8.382932	12.324598	12.324598	12.324598	12.324598	12.324598	12.324598	12.324598	12.324598	12.324598	12.324598	16.266265	16.266265	16.266265	16.266265	16.266265	16.266265	16.266265	16.266265	16.266265	16.266265	20.207932	20.207932	20.207932	20.207932	20.207932	20.207932	20.207932	20.207932	20.207932	20.207932	24.149598	24.149598	24.149598	24.149598	24.149598	24.149598	24.149598	24.149598	24.149598	24.149598
0.937787	0.937787	0.937787	0.937787	0.937787	0.937787	0.937787	0.937787	0.937787	0.937787	4.879454	4.879454	4.879454	4.879454	4.879454	4.879454	4.879454	4.879454	4.879454	4.879454	8.821121	8.821121	8.821121	8.821121	8.821121	8.821121	8.821121	8.821121	8.821121	8.821121	12.762787	12.762787	12.762787	12.762787	12.762787	12.762787	12.762787	12.762787	12.762787	12.762787	16.704454	16.704454	16.704454	16.704454	16.704454	16.704454	16.704454	16.704454	16.704454	16.704454	20.646121	20.646121	20.646121	20.646121	20.646121	20.646121	20.646121	20.646121	20.646121	20.646121	24.587787	24.587787	24.587787	24.587787	24.587787	24.587787	24.587787	24.587787	24.587787	24.587787
1.342906	1.342906	1.342906	1.342906	1.342906	1.342906	1.342906	1.342906	1.342906	1.342906	5.284572	5.284572	5.284572	5.284572	5.284572	5.284572	5.284572	5.284572	5.284572	5.284572	9.226239	9.226239	9.226239	9.226239	9.226239	9.226239	9.226239	9.226239	9.226239	9.226239	13.167906	13.167906	13.167906	13.167906	13.167906	13.167906	13.167906	13.167906	13.167906	13.167906	17.109572	17.109572	17.109572	17.109572	17.109572	17.109572	17.109572	17.109572	17.109572	17.109572	21.051239	21.051239	21.051239	21.051239	21.051239	21.051239	21.051239	21.051239	21.051239	21.051239	24.992906	24.992906	24.992906	24.992906	24.992906	24.992906	24.992906	24.992906	24.992906	24.992906
1.748024	1.748024	1.748024	1.748024	1.748024	1.748024	1.748024	1.748024	1.748024	1.748024	5.68969	5.68969	5.68969	5.68969	5.68969	5.68969	5.68969	5.68969	5.68969	5.68969	9.631357	9.631357	9.631357	9.631357	9.631357	9.631357	9.631357	9.631357	9.631357	9.631357	13.573024	13.573024	13.573024	13.573024	13.573024	13.573024	13.573024	13.573024	13.573024	13.573024	17.51469	17.51469	17.51469	17.51469	17.51469	17.51469	17.51469	17.51469	17.51469	17.51469	21.456357	21.456357	21.456357	21.456357	21.456357	21.456357	21.456357	21.456357	21.456357	21.456357	25.398024	25.398024	25.398024	25.398024	25.398024	25.398024	25.398024	25.398024	25.398024	25.398024
2.152748	2.152748	2.152748	2.152748	2.152748	2.152748	2.152748	2.152748	2.152748	2.152748	6.094415	6.094415	6.094415	6.094415	6.094415	6.094415	6.094415	6.094415	6.094415	6.094415	10.036081	10.036081	10.036081	10.036081	10.036081	10.036081	10.036081	10.036081	10.036081	10.036081	13.977748	13.977748	13.977748	13.977748	13.977748	13.977748	13.977748	13.977748	13.977748	13.977748	17.919415	17.919415	17.919415	17.919415	17.919415	17.919415	17.919415	17.919415	17.919415	17.919415	21.861081	21.861081	21.861081	21.861081	21.861081	21.861081	21.861081	21.861081	21.861081	21.861081	25.802748	25.802748	25.802748	25.802748	25.802748	25.802748	25.802748	25.802748	25.802748	25.802748
2.557866	2.557866	2.557866	2.557866	2.557866	2.557866	2.557866	2.557866	2.557866	2.557866	6.499533	6.499533	6.499533	6.499533	6.499533	6.499533	6.499533	6.499533	6.499533	6.499533	10.441199	10.441199	10.441199	10.441199	10.441199	10.441199	10.441199	10.441199	10.441199	10.441199	14.382866	14.382866	14.382866	14.382866	14.382866	14.382866	14.382866	14.382866	14.382866	14.382866	18.324533	18.324533	18.324533	18.324533	18.324533	18.324533	18.324533	18.324533	18.324533	18.324533	22.266199	22.266199	22.266199	22.266199	22.266199	22.266199	22.266199	22.266199	22.266199	22.266199	26.207866	26.207866	26.207866	26.207866	26.207866	26.207866	26.207866	26.207866	26.207866	26.207866
2.962984	2.962984	2.962984	2.962984	2.962984	2.962984	2.962984	2.962984	2.962984	2.962984	6.904651	6.904651	6.904651	6.904651	6.904651	6.904651	6.904651	6.904651	6.904651	6.904651	10.846318	10.846318	10.846318	10.846318	10.846318	10.846318	10.846318	10.846318	10.846318	10.846318	14.787984	14.787984	14.787984	14.787984	14.787984	14.787984	14.787984	14.787984	14.787984	14.787984	18.729651	18.729651	18.729651	18.729651	18.729651	18.729651	18.729651	18.729651	18.729651	18.729651	22.671318	22.671318	22.671318	22.671318	22.671318	22.671318	22.671318	22.671318	22.671318	22.671318	26.612984	26.612984	26.612984	26.612984	26.612984	26.612984	26.612984	26.612984	26.612984	26.612984
3.368102	3.368102	3.368102	3.368102	3.368102	3.368102	3.368102	3.368102	3.368102	3.368102	7.309769	7.309769	7.309769	7.309769	7.309769	7.309769	7.309769	7.309769	7.309769	7.309769	11.251436	11.251436	11.251436	11.251436	11.251436	11.251436	11.251436	11.251436	11.251436	11.251436	15.193102	15.193102	15.193102	15.193102	15.193102	15.193102	15.193102	15.193102	15.193102	15.193102	19.134769	19.134769	19.134769	19.134769	19.134769	19.134769	19.134769	19.134769	19.134769	19.134769	23.076436	23.076436	23.076436	23.076436	23.076436	23.076436	23.076436	23.076436	23.076436	23.076436	27.018102	27.018102	27.018102	27.018102	27.018102	27.018102	27.018102	27.018102	27.018102	27.018102
3.772827	3.772827	3.772827	3.772827	3.772827	3.772827	3.772827	3.772827	3.772827	3.772827	7.714493	7.714493	7.714493	7.714493	7.714493	7.714493	7.714493	7.714493	7.714493	7.714493	11.65616	11.65616	11.65616	11.65616	11.65616	11.65616	11.65616	11.65616	11.65616	11.65616	15.597827	15.597827	15.597827	15.597827	15.597827	15.597827	15.597827	15.597827	15.597827	15.597827	19.539493	19.539493	19.539493	19.539493	19.539493	19.539493	19.539493	19.539493	19.539493	19.539493	23.48116	23.48116	23.48116	23.48116	23.48116	23.48116	23.48116	23.48116	23.48116	23.48116	27.422827	27.422827	27.422827	27.422827	27.422827	27.422827	27.422827	27.422827	27.422827	27.422827
4.069677	4.069677	4.069677	4.069677	4.069677	4.069677	4.069677	4.069677	4.069677	4.069677	8.011344	8.011344	8.011344	8.011344	8.011344	8.011344	8.011344	8.011344	8.011344	8.011344	11.953011	11.953011	11.953011	11.953011	11.953011	11.953011	11.953011	11.953011	11.953011	11.953011	15.894677	15.894677	15.894677	15.894677	15.894677	15.894677	15.894677	15.894677	15.894677	15.894677	19.836344	19.836344	19.836344	19.836344	19.836344	19.836344	19.836344	19.836344	19.836344	19.836344	23.778011	23.778011	23.778011	23.778011	23.778011	23.778011	23.778011	23.778011	23.778011	23.778011	27.719677	27.719677	27.719677	27.719677	27.719677	27.719677	27.719677	27.719677	27.719677	27.719677
4.366528	4.366528	4.366528	4.366528	4.366528	4.366528	4.366528	4.366528	4.366528	4.366528	8.308194	8.308194	8.308194	8.308194	8.308194	8.308194	8.308194	8.308194	8.308194	8.308194	12.249861	12.249861	12.249861	12.249861	12.249861	12.249861	12.249861	12.249861	12.249861	12.249861	16.191528	16.191528	16.191528	16.191528	16.191528	16.191528	16.191528	16.191528	16.191528	16.191528	20.133194	20.133194	20.133194	20.133194	20.133194	20.133194	20.133194	20.133194	20.133194	20.133194	24.074861	24.074861	24.074861	24.074861	24.074861	24.074861	24.074861	24.074861	24.074861	24.074861	28.016528	28.016528	28.016528	28.016528	28.016528	28.016528	28.016528	28.016528	28.016528	28.016528
4.663378	4.663378	4.663378	4.663378	4.663378	4.663378	4.663378	4.663378	4.663378	4.663378	8.605045	8.605045	8.605045	8.605045	8.605045	8.605045	8.605045	8.605045	8.605045	8.605045	12.546711	12.546711	12.546711	12.546711	12.546711	12.546711	12.546711	12.546711	12.546711	12.546711	16.488378	16.488378	16.488378	16.488378	16.488378	16.488378	16.488378	16.488378	16.488378	16.488378	20.430045	20.430045	20.430045	20.430045	20.430045	20.430045	20.430045	20.430045	20.430045	20.430045	24.371711	24.371711	24.371711	24.371711	24.371711	24.371711	24.371711	24.371711	24.371711	24.371711	28.313378	28.313378	28.313378	28.313378	28.313378	28.313378	28.313378	28.313378	28.313378	28.313378
4.960622	4.960622	4.960622	4.960622	4.960622	4.960622	4.960622	4.960622	4.960622	4.960622	8.902289	8.902289	8.902289	8.902289	8.902289	8.902289	8.902289	8.902289	8.902289	8.902289	12.843955	12.843955	12.843955	12.843955	12.843955	12.843955	12.843955	12.843955	12.843955	12.843955	16.785622	16.785622	16.785622	16.785622	16.785622	16.785622	16.785622	16.785622	16.785622	16.785622	20.727289	20.727289	20.727289	20.727289	20.727289	20.727289	20.727289	20.727289	20.727289	20.727289	24.668955	24.668955	24.668955	24.668955	24.668955	24.668955	24.668955	24.668955	24.668955	24.668955	28.610622	28.610622	28.610622	28.610622	28.610622	28.610622	28.610622	28.610622	28.610622	28.610622
5.257472	5.257472	5.257472	5.257472	5.257472	5.257472	5.257472	5.257472	5.257472	5.257472	9.199139	9.199139	9.199139	9.199139	9.199139	9.199139	9.199139	9.199139	9.199139	9.199139	13.140806	13.140806	13.140806	13.140806	13.140806	13.140806	13.140806	13.140806	13.140806	13.140806	17.082472	17.082472	17.082472	17.082472	17.082472	17.082472	17.082472	17.082472	17.082472	17.082472	21.024139	21.024139	21.024139	21.024139	21.024139	21.024139	21.024139	21.024139	21.024139	21.024139	24.965806	24.965806	24.965806	24.965806	24.965806	24.965806	24.965806	24.965806	24.965806	24.965806	28.907472	28.907472	28.907472	28.907472	28.907472	28.907472	28.907472	28.907472	28.907472	28.907472
5.554323	5.554323	5.554323	5.554323	5.554323	5.554323	5.554323	5.554323	5.554323	5.554323	9.495989	9.495989	9.495989	9.495989	9.495989	9.495989	9.495989	9.495989	9.495989	9.495989	13.437656	13.437656	13.437656	13.437656	13.437656	13.437656	13.437656	13.437656	13.437656	13.437656	17.379323	17.379323	17.379323	17.379323	17.379323	17.379323	17.379323	17.379323	17.379323	17.379323	21.320989	21.320989	21.320989	21.320989	21.320989	21.320989	21.320989	21.320989	21.320989	21.320989	25.262656	25.262656	25.262656	25.262656	25.262656	25.262656	25.262656	25.262656	25.262656	25.262656	29.204323	29.204323	29.204323	29.204323	29.204323	29.204323	29.204323	29.204323	29.204323	29.204323
5.851173	5.851173	5.851173	5.851173	5.851173	5.851173	5.851173	5.851173	5.851173	5.851173	9.79284	9.79284	9.79284	9.79284	9.79284	9.79284	9.79284	9.79284	9.79284	9.79284	13.734507	13.734507	13.734507	13.734507	13.734507	13.734507	13.734507	13.734507	13.734507	13.734507	17.676173	17.676173	17.676173	17.676173	17.676173	17.676173	17.676173	17.676173	17.676173	17.676173	21.61784	21.61784	21.61784	21.61784	21.61784	21.61784	21.61784	21.61784	21.61784	21.61784	25.559507	25.559507	25.559507	25.559507	25.559507	25.559507	25.559507	25.559507	25.559507	25.559507	29.501173	29.501173	29.501173	29.501173	29.501173	29.501173	29.501173	29.501173	29.501173	29.501173
6.148024	6.148024	6.148024	6.148024	6.148024	6.148024	6.148024	6.148024	6.148024	6.148024	10.08969	10.08969	10.08969	10.08969	10.08969	10.08969	10.08969	10.08969	10.08969	10.08969	14.031357	14.031357	14.031357	14.031357	14.031357	14.031357	14.031357	14.031357	14.031357	14.031357	17.973024	17.973024	17.973024	17.973024	17.973024	17.973024	17.973024	17.973024	17.973024	17.973024	21.91469	21.91469	21.91469	21.91469	21.91469	21.91469	21.91469	21.91469	21.91469	21.91469	25.856357	25.856357	25.856357	25.856357	25.856357	25.856357	25.856357	25.856357	25.856357	25.856357	29.798024	29.798024	29.798024	29.798024	29.798024	29.798024	29.798024	29.798024	29.798024	29.798024
6.444874	6.444874	6.444874	6.444874	6.444874	6.444874	6.444874	6.444874	6.444874	6.444874	10.386541	10.386541	10.386541	10.386541	10.386541	10.386541	10.386541	10.386541	10.386541	10.386541	14.328207	14.328207	14.328207	14.328207	14.328207	14.328207	14.328207	14.328207	14.328207	14.328207	18.269874	18.269874	18.269874	18.269874	18.269874	18.269874	18.269874	18.269874	18.269874	18.269874	22.211541	22.211541	22.211541	22.211541	22.211541	22.211541	22.211541	22.211541	22.211541	22.211541	26.153207	26.153207	26.153207	26.153207	26.153207	26.153207	26.153207	26.153207	26.153207	26.153207	30.094874	30.094874	30.094874	30.094874	30.094874	30.094874	30.094874	30.094874	30.094874	30.094874
6.741724	6.741724	6.741724	6.741724	6.741724	6.741724	6.741724	6.741724	6.741724	6.741724	10.683391	10.683391	10.683391	10.683391	10.683391	10.683391	10.683391	10.683391	10.683391	10.683391	14.625058	14.625058	14.625058	14.625058	14.625058	14.625058	14.625058	14.625058	14.625058	14.625058	18.566724	18.566724	18.566724	18.566724	18.566724	18.566724	18.566724	18.566724	18.566724	18.566724	22.508391	22.508391	22.508391	22.508391	22.508391	22.508391	22.508391	22.508391	22.508391	22.508391	26.450058	26.450058	26.450058	26.450058	26.450058	26.450058	26.450058	26.450058	26.450058	26.450058	30.391724	30.391724	30.391724	30.391724	30.391724	30.391724	30.391724	30.391724	30.391724	30.391724
7.038575	7.038575	7.038575	7.038575	7.038575	7.038575	7.038575	7.038575	7.038575	7.038575	10.980241	10.980241	10.980241	10.980241	10.980241	10.980241	10.980241	10.980241	10.980241	10.980241	14.921908	14.921908	14.921908	14.921908	14.921908	14.921908	14.921908	14.921908	14.921908	14.921908	18.863575	18.863575	18.863575	18.863575	18.863575	18.863575	18.863575	18.863575	18.863575	18.863575	22.805241	22.805241	22.805241	22.805241	22.805241	22.805241	22.805241	22.805241	22.805241	22.805241	26.746908	26.746908	26.746908	26.746908	26.746908	26.746908	26.746908	26.746908	26.746908	26.746908	30.688575	30.688575	30.688575	30.688575	30.688575	30.688575	30.688575	30.688575	30.688575	30.688575
7.335425	7.335425	7.335425	7.335425	7.335425	7.335425	7.335425	7.335425	7.335425	7.335425	11.277092	11.277092	11.277092	11.277092	11.277092	11.277092	11.277092	11.277092	11.277092	11.277092	15.218759	15.218759	15.218759	15.218759	15.218759	15.218759	15.218759	15.218759	15.218759	15.218759	19.160425	19.160425	19.160425	19.160425	19.160425	19.160425	19.160425	19.160425	19.160425	19.160425	23.102092	23.102092	23.102092	23.102092	23.102092	23.102092	23.102092	23.102092	23.102092	23.102092	27.043759	27.043759	27.043759	27.043759	27.043759	27.043759	27.043759	27.043759	27.043759	27.043759	30.985425	30.985425	30.985425	30.985425	30.985425	30.985425	30.985425	30.985425	30.985425	30.985425
7.632276	7.632276	7.632276	7.632276	7.632276	7.632276	7.632276	7.632276	7.632276	7.632276	11.573942	11.573942	11.573942	11.573942	11.573942	11.573942	11.573942	11.573942	11.573942	11.573942	15.515609	15.515609	15.515609	15.515609	15.515609	15.515609	15.515609	15.515609	15.515609	15.515609	19.457276	19.457276	19.457276	19.457276	19.457276	19.457276	19.457276	19.457276	19.457276	19.457276	23.398942	23.398942	23.398942	23.398942	23.398942	23.398942	23.398942	23.398942	23.398942	23.398942	27.340609	27.340609	27.340609	27.340609	27.340609	27.340609	27.340609	27.340609	27.340609	27.340609	31.282276	31.282276	31.282276	31.282276	31.282276	31.282276	31.282276	31.282276	31.282276	31.282276
7.929126	7.929126	7.929126	7.929126	7.929126	7.929126	7.929126	7.929126	7.929126	7.929126	11.870793	11.870793	11.870793	11.870793	11.870793	11.870793	11.870793	11.870793	11.870793	11.870793	15.812459	15.812459	15.812459	15.812459	15.812459	15.812459	15.812459	15.812459	15.812459	15.812459	19.754126	19.754126	19.754126	19.754126	19.754126	19.754126	19.754126	19.754126	19.754126	19.754126	23.695793	23.695793	23.695793	23.695793	23.695793	23.695793	23.695793	23.695793	23.695793	23.695793	27.637459	27.637459	27.637459	27.637459	27.637459	27.637459	27.637459	27.637459	27.637459	27.637459	31.579126	31.579126	31.579126	31.579126	31.579126	31.579126	31.579126	31.579126	31.579126	31.579126
8.225976	8.225976	8.225976	8.225976	8.225976	8.225976	8.225976	8.225976	8.225976	8.225976	12.167643	12.167643	12.167643	12.167643	12.167643	12.167643	12.167643	12.167643	12.167643	12.167643	16.10931	16.10931	16.10931	16.10931	16.10931	16.10931	16.10931	16.10931	16.10931	16.10931	20.050976	20.050976	20.050976	20.050976	20.050976	20.050976	20.050976	20.050976	20.050976	20.050976	23.992643	23.992643	23.992643	23.992643	23.992643	23.992643	23.992643	23.992643	23.992643	23.992643	27.93431	27.93431	27.93431	27.93431	27.93431	27.93431	27.93431	27.93431	27.93431	27.93431	31.875976	31.875976	31.875976	31.875976	31.875976	31.875976	31.875976	31.875976	31.875976	31.875976
8.522827	8.522827	8.522827	8.522827	8.522827	8.522827	8.522827	8.522827	8.522827	8.522827	12.464493	12.464493	12.464493	12.464493	12.464493	12.464493	12.464493	12.464493	12.464493	12.464493	16.40616	16.40616	16.40616	16.40616	16.40616	16.40616	16.40616	16.40616	16.40616	16.40616	20.347827	20.347827	20.347827	20.347827	20.347827	20.347827	20.347827	20.347827	20.347827	20.347827	24.289493	24.289493	24.289493	24.289493	24.289493	24.289493	24.289493	24.289493	24.289493	24.289493	28.23116	28.23116	28.23116	28.23116	28.23116	28.23116	28.23116	28.23116	28.23116	28.23116	32.172827	32.172827	32.172827	32.172827	32.172827	32.172827	32.172827	32.172827	32.172827	32.172827
8.819677	8.819677	8.819677	8.819677	8.819677	8.819677	8.819677	8.819677	8.819677	8.819677	12.761344	12.761344	12.761344	12.761344	12.761344	12.761344	12.761344	12.761344	12.761344	12.761344	16.703011	16.703011	16.703011	16.703011	16.703011	16.703011	16.703011	16.703011	16.703011	16.703011	20.644677	20.644677	20.644677	20.644677	20.644677	20.644677	20.644677	20.644677	20.644677	20.644677	24.586344	24.586344	24.586344	24.586344	24.586344	24.586344	24.586344	24.586344	24.586344	24.586344	28.528011	28.528011	28.528011	28.528011	28.528011	28.528011	28.528011	28.528011	28.528011	28.528011	32.469677	32.469677	32.469677	32.469677	32.469677	32.469677	32.469677	32.469677	32.469677	32.469677
9.116528	9.116528	9.116528	9.116528	9.116528	9.116528	9.116528	9.116528	9.116528	9.116528	13.058194	13.058194	13.058194	13.058194	13.058194	13.058194	13.058194	13.058194	13.058194	13.058194	16.999861	16.999861	16.999861	16.999861	16.999861	16.999861	16.999861	16.999861	16.999861	16.999861	20.941528	20.941528	20.941528	20.941528	20.941528	20.941528	20.941528	20.941528	20.941528	20.941528	24.883194	24.883194	24.883194	24.883194	24.883194	24.883194	24.883194	24.883194	24.883194	24.883194	28.824861	28.824861	28.824861	28.824861	28.824861	28.824861	28.824861	28.824861	28.824861	28.824861	32.766528	32.766528	32.766528	32.766528	32.766528	32.766528	32.766528	32.766528	32.766528	32.766528
9.413378	9.413378	9.413378	9.413378	9.413378	9.413378	9.413378	9.413378	9.413378	9.413378	13.355045	13.355045	13.355045	13.355045	13.355045	13.355045	13.355045	13.355045	13.355045	13.355045	17.296711	17.296711	17.296711	17.296711	17.296711	17.296711	17.296711	17.296711	17.296711	17.296711	21.238378	21.238378	21.238378	21.238378	21.238378	21.238378	21.238378	21.238378	21.238378	21.238378	25.180045	25.180045	25.180045	25.180045	25.180045	25.180045	25.180045	25.180045	25.180045	25.180045	29.121711	29.121711	29.121711	29.121711	29.121711	29.121711	29.121711	29.121711	29.121711	29.121711	33.063378	33.063378	33.063378	33.063378	33.063378	33.063378	33.063378	33.063378	33.063378	33.063378
9.710622	9.710622	9.710622	9.710622	9.710622	9.710622	9.710622	9.710622	9.710622	9.710622	13.652289	13.652289	13.652289	13.652289	13.652289	13.652289	13.652289	13.652289	13.652289	13.652289	17.593955	17.593955	17.593955	17.593955	17.593955	17.593955	17.593955	17.593955	17.593955	17.593955	21.535622	21.535622	21.535622	21.535622	21.535622	21.535622	21.535622	21.535622	21.535622	21.535622	25.477289	25.477289	25.477289	25.477289	25.477289	25.477289	25.477289	25.477289	25.477289	25.477289	29.418955	29.418955	29.418955	29.418955	29.418955	29.418955	29.418955	29.418955	29.418955	29.418955	33.360622	33.360622	33.360622	33.360622	33.360622	33.360622	33.360622	33.360622	33.360622	33.360622
10.007472	10.007472	10.007472	10.007472	10.007472	10.007472	10.007472	10.007472	10.007472	10.007472	13.949139	13.949139	13.949139	13.949139	13.949139	13.949139	13.949139	13.949139	13.949139	13.949139	17.890806	17.890806	17.890806	17.890806	17.890806	17.890806	17.890806	17.890806	17.890806	17.890806	21.832472	21.832472	21.832472	21.832472	21.832472	21.832472	21.832472	21.832472	21.832472	21.832472	25.774139	25.774139	25.774139	25.774139	25.774139	25.774139	25.774139	25.774139	25.774139	25.774139	29.715806	29.715806	29.715806	29.715806	29.715806	29.715806	29.715806	29.715806	29.715806	29.715806	33.657472	33.657472	33.657472	33.657472	33.657472	33.657472	33.657472	33.657472	33.657472	33.657472
10.304323	10.304323	10.304323	10.304323	10.304323	10.304323	10.304323	10.304323	10.304323	10.304323	14.245989	14.245989	14.245989	14.245989	14.245989	14.245989	14.245989	14.245989	14.245989	14.245989	18.187656	18.187656	18.187656	18.187656	18.187656	18.187656	18.187656	18.187656	18.187656	18.187656	22.129323	22.129323	22.129323	22.129323	22.129323	22.129323	22.129323	22.129323	22.129323	22.129323	26.070989	26.070989	26.070989	26.070989	26.070989	26.070989	26.070989	26.070989	26.070989	26.070989	30.012656	30.012656	30.012656	30.012656	30.012656	30.012656	30.012656	30.012656	30.012656	30.012656	33.954323	33.954323	33.954323	33.954323	33.954323	33.954323	33.954323	33.954323	33.954323	33.954323
10.601173	10.601173	10.601173	10.601173	10.601173	10.601173	10.601173	10.601173	10.601173	10.601173	14.54284	14.54284	14.54284	14.54284	14.54284	14.54284	14.54284	14.54284	14.54284	14.54284	18.484507	18.484507	18.484507	18.484507	18.484507	18.484507	18.484507	18.484507	18.484507	18.484507	22.426173	22.426173	22.426173	22.426173	22.426173	22.426173	22.426173	22.426173	22.426173	22.426173	26.36784	26.36784	26.36784	26.36784	26.36784	26.36784	26.36784	26.36784	26.36784	26.36784	30.309507	30.309507	30.309507	30.309507	30.309507	30.309507	30.309507	30.309507	30.309507	30.309507	34.251173	34.251173	34.251173	34.251173	34.251173	34.251173	34.251173	34.251173	34.251173	34.251173
11.005898	11.005898	11.005898	11.005898	11.005898	11.005898	11.005898	11.005898	11.005898	11.005898	14.947564	14.947564	14.947564	14.947564	14.947564	14.947564	14.947564	14.947564	14.947564	14.947564	18.889231	18.889231	18.889231	18.889231	18.889231	18.889231	18.889231	18.889231	18.889231	18.889231	22.830898	22.830898	22.830898	22.830898	22.830898	22.830898	22.830898	22.830898	22.830898	22.830898	26.772564	26.772564	26.772564	26.772564	26.772564	26.772564	26.772564	26.772564	26.772564	26.772564	30.714231	30.714231	30.714231	30.714231	30.714231	30.714231	30.714231	30.714231	30.714231	30.714231	34.655898	34.655898	34.655898	34.655898	34.655898	34.655898	34.655898	34.655898	34.655898	34.655898
11.411016	11.411016	11.411016	11.411016	11.411016	11.411016	11.411016	11.411016	11.411016	11.411016	15.352682	15.352682	15.352682	15.352682	15.352682	15.352682	15.352682	15.352682	15.352682	15.352682	19.294349	19.294349	19.294349	19.294349	19.294349	19.294349	19.294349	19.294349	19.294349	19.294349	23.236016	23.236016	23.236016	23.236016	23.236016	23.236016	23.236016	23.236016	23.236016	23.236016	27.177682	27.177682	27.177682	27.177682	27.177682	27.177682	27.177682	27.177682	27.177682	27.177682	31.119349	31.119349	31.119349	31.119349	31.119349	31.119349	31.119349	31.119349	31.119349	31.119349	35.061016	35.061016	35.061016	35.061016	35.061016	35.061016	35.061016	35.061016	35.061016	35.061016
11.816134	11.816134	11.816134	11.816134	11.816134	11.816134	11.816134	11.816134	11.816134	11.816134	15.757801	15.757801	15.757801	15.757801	15.757801	15.757801	15.757801	15.757801	15.757801	15.757801	19.699467	19.699467	19.699467	19.699467	19.699467	19.699467	19.699467	19.699467	19.699467	19.699467	23.641134	23.641134	23.641134	23.641134	23.641134	23.641134	23.641134	23.641134	23.641134	23.641134	27.582801	27.582801	27.582801	27.582801	27.582801	27.582801	27.582801	27.582801	27.582801	27.582801	31.524467	31.524467	31.524467	31.524467	31.524467	31.524467	31.524467	31.524467	31.524467	31.524467	35.466134	35.466134	35.466134	35.466134	35.466134	35.466134	35.466134	35.466134	35.466134	35.466134
12.221252	12.221252	12.221252	12.221252	12.221252	12.221252	12.221252	12.221252	12.221252	12.221252	16.162919	16.162919	16.162919	16.162919	16.162919	16.162919	16.162919	16.162919	16.162919	16.162919	20.104585	20.104585	20.104585	20.104585	20.104585	20.104585	20.104585	20.104585	20.104585	20.104585	24.046252	24.046252	24.046252	24.046252	24.046252	24.046252	24.046252	24.046252	24.046252	24.046252	27.987919	27.987919	27.987919	27.987919	27.987919	27.987919	27.987919	27.987919	27.987919	27.987919	31.929585	31.929585	31.929585	31.929585	31.929585	31.929585	31.929585	31.929585	31.929585	31.929585	35.871252	35.871252	35.871252	35.871252	35.871252	35.871252	35.871252	35.871252	35.871252	35.871252
12.625976	12.625976	12.625976	12.625976	12.625976	12.625976	12.625976	12.625976	12.625976	12.625976	16.567643	16.567643	16.567643	16.567643	16.567643	16.567643	16.567643	16.567643	16.567643	16.567643	20.50931	20.50931	20.50931	20.50931	20.50931	20.50931	20.50931	20.50931	20.50931	20.50931	24.450976	24.450976	24.450976	24.450976	24.450976	24.450976	24.450976	24.450976	24.450976	24.450976	28.392643	28.392643	28.392643	28.392643	28.392643	28.392643	28.392643	28.392643	28.392643	28.392643	32.33431	32.33431	32.33431	32.33431	32.33431	32.33431	32.33431	32.33431	32.33431	32.33431	36.275976	36.275976	36.275976	36.275976	36.275976	36.275976	36.275976	36.275976	36.275976	36.275976
13.031094	13.031094	13.031094	13.031094	13.031094	13.031094	13.031094	13.031094	13.031094	13.031094	16.972761	16.972761	16.972761	16.972761	16.972761	16.972761	16.972761	16.972761	16.972761	16.972761	20.914428	20.914428	20.914428	20.914428	20.914428	20.914428	20.914428	20.914428	20.914428	20.914428	24.856094	24.856094	24.856094	24.856094	24.856094	24.856094	24.856094	24.856094	24.856094	24.856094	28.797761	28.797761	28.797761	28.797761	28.797761	28.797761	28.797761	28.797761	28.797761	28.797761	32.739428	32.739428	32.739428	32.739428	32.739428	32.739428	32.739428	32.739428	32.739428	32.739428	36.681094	36.681094	36.681094	36.681094	36.681094	36.681094	36.681094	36.681094	36.681094	36.681094
13.436213	13.436213	13.436213	13.436213	13.436213	13.436213	13.436213	13.436213	13.436213	13.436213	17.377879	17.377879	17.377879	17.377879	17.377879	17.377879	17.377879	17.377879	17.377879	17.377879	21.319546	21.319546	21.319546	21.319546	21.319546	21.319546	21.319546	21.319546	21.319546	21.319546	25.261213	25.261213	25.261213	25.261213	25.261213	25.261213	25.261213	25.261213	25.261213	25.261213	29.202879	29.202879	29.202879	29.202879	29.202879	29.202879	29.202879	29.202879	29.202879	29.202879	33.144546	33.144546	33.144546	33.144546	33.144546	33.144546	33.144546	33.144546	33.144546	33.144546	37.086213	37.086213	37.086213	37.086213	37.086213	37.086213	37.086213	37.086213	37.086213	37.086213
13.874402	13.874402	13.874402	13.874402	13.874402	13.874402	13.874402	13.874402	13.874402	13.874402	17.816068	17.816068	17.816068	17.816068	17.816068	17.816068	17.816068	17.816068	17.816068	17.816068	21.757735	21.757735	21.757735	21.757735	21.757735	21.757735	21.757735	21.757735	21.757735	21.757735	25.699402	25.699402	25.699402	25.699402	25.699402	25.699402	25.699402	25.699402	25.699402	25.699402	29.641068	29.641068	29.641068	29.641068	29.641068	29.641068	29.641068	29.641068	29.641068	29.641068	33.582735	33.582735	33.582735	33.582735	33.582735	33.582735	33.582735	33.582735	33.582735	33.582735	37.524402	37.524402	37.524402	37.524402	37.524402	37.524402	37.524402	37.524402	37.524402	37.524402
0	0	0	0	0	0	0	0	0	0	0	0	0	0	0	0	0	0	0	0	0	0	0	0	0	0	0	0	0	0	0	0	0	0	0	0	0	0	0	0	0	0	0	0	0	0	0	0	0	0	0	0	0	0	0	0	0	0	0	0	0	0	0	0	0	0	0	0	0	0
0	0	0	0	0	0	0	0	0	0	0	0	0	0	0	0	0	0	0	0	0	0	0	0	0	0	0	0	0	0	0	0	0	0	0	0	0	0	0	0	0	0	0	0	0	0	0	0	0	0	0	0	0	0	0	0	0	0	0	0	0	0	0	0	0	0	0	0	0	0
0	0	0	0	0	0	0	0	0	0	0	0	0	0	0	0	0	0	0	0	0	0	0	0	0	0	0	0	0	0	0	0	0	0	0	0	0	0	0	0	0	0	0	0	0	0	0	0	0	0	0	0	0	0	0	0	0	0	0	0	0	0	0	0	0	0	0	0	0	0
0	0	0	0	0	0	0	0	0	0	0	0	0	0	0	0	0	0	0	0	0	0	0	0	0	0	0	0	0	0	0	0	0	0	0	0	0	0	0	0	0	0	0	0	0	0	0	0	0	0	0	0	0	0	0	0	0	0	0	0	0	0	0	0	0	0	0	0	0	0
0	0	0	0	0	0	0	0	0	0	0	0	0	0	0	0	0	0	0	0	0	0	0	0	0	0	0	0	0	0	0	0	0	0	0	0	0	0	0	0	0	0	0	0	0	0	0	0	0	0	0	0	0	0	0	0	0	0	0	0	0	0	0	0	0	0	0	0	0	0
0	0	0	0	0	0	0	0	0	0	0	0	0	0	0	0	0	0	0	0	0	0	0	0	0	0	0	0	0	0	0	0	0	0	0	0	0	0	0	0	0	0	0	0	0	0	0	0	0	0	0	0	0	0	0	0	0	0	0	0	0	0	0	0	0	0	0	0	0	0
0	0	0	0	0	0	0	0	0	0	0	0	0	0	0	0	0	0	0	0	0	0	0	0	0	0	0	0	0	0	0	0	0	0	0	0	0	0	0	0	0	0	0	0	0	0	0	0	0	0	0	0	0	0	0	0	0	0	0	0	0	0	0	0	0	0	0	0	0	0
0	0	0	0	0	0	0	0	0	0	0	0	0	0	0	0	0	0	0	0	0	0	0	0	0	0	0	0	0	0	0	0	0	0	0	0	0	0	0	0	0	0	0	0	0	0	0	0	0	0	0	0	0	0	0	0	0	0	0	0	0	0	0	0	0	0	0	0	0	0
0	0	0	0	0	0	0	0	0	0	0	0	0	0	0	0	0	0	0	0	0	0	0	0	0	0	0	0	0	0	0	0	0	0	0	0	0	0	0	0	0	0	0	0	0	0	0	0	0	0	0	0	0	0	0	0	0	0	0	0	0	0	0	0	0	0	0	0	0	0
0	0	0	0	0	0	0	0	0	0	0	0	0	0	0	0	0	0	0	0	0	0	0	0	0	0	0	0	0	0	0	0	0	0	0	0	0	0	0	0	0	0	0	0	0	0	0	0	0	0	0	0	0	0	0	0	0	0	0	0	0	0	0	0	0	0	0	0	0	0
0	0	0	0	0	0	0	0	0	0	0	0	0	0	0	0	0	0	0	0	0	0	0	0	0	0	0	0	0	0	0	0	0	0	0	0	0	0	0	0	0	0	0	0	0	0	0	0	0	0	0	0	0	0	0	0	0	0	0	0	0	0	0	0	0	0	0	0	0	0
0	0	0	0	0	0	0	0	0	0	0	0	0	0	0	0	0	0	0	0	0	0	0	0	0	0	0	0	0	0	0	0	0	0	0	0	0	0	0	0	0	0	0	0	0	0	0	0	0	0	0	0	0	0	0	0	0	0	0	0	0	0	0	0	0	0	0	0	0	0
0	0	0	0	0	0	0	0	0	0	0	0	0	0	0	0	0	0	0	0	0	0	0	0	0	0	0	0	0	0	0	0	0	0	0	0	0	0	0	0	0	0	0	0	0	0	0	0	0	0	0	0	0	0	0	0	0	0	0	0	0	0	0	0	0	0	0	0	0	0
0	0	0	0	0	0	0	0	0	0	0	0	0	0	0	0	0	0	0	0	0	0	0	0	0	0	0	0	0	0	0	0	0	0	0	0	0	0	0	0	0	0	0	0	0	0	0	0	0	0	0	0	0	0	0	0	0	0	0	0	0	0	0	0	0	0	0	0	0	0
0	0	0	0	0	0	0	0	0	0	0	0	0	0	0	0	0	0	0	0	0	0	0	0	0	0	0	0	0	0	0	0	0	0	0	0	0	0	0	0	0	0	0	0	0	0	0	0	0	0	0	0	0	0	0	0	0	0	0	0	0	0	0	0	0	0	0	0	0	0
0	0	0	0	0	0	0	0	0	0	0	0	0	0	0	0	0	0	0	0	0	0	0	0	0	0	0	0	0	0	0	0	0	0	0	0	0	0	0	0	0	0	0	0	0	0	0	0	0	0	0	0	0	0	0	0	0	0	0	0	0	0	0	0	0	0	0	0	0	0
0	0	0	0	0	0	0	0	0	0	0	0	0	0	0	0	0	0	0	0	0	0	0	0	0	0	0	0	0	0	0	0	0	0	0	0	0	0	0	0	0	0	0	0	0	0	0	0	0	0	0	0	0	0	0	0	0	0	0	0	0	0	0	0	0	0	0	0	0	0
0	0	0	0	0	0	0	0	0	0	0	0	0	0	0	0	0	0	0	0	0	0	0	0	0	0	0	0	0	0	0	0	0	0	0	0	0	0	0	0	0	0	0	0	0	0	0	0	0	0	0	0	0	0	0	0	0	0	0	0	0	0	0	0	0	0	0	0	0	0
0	0	0	0	0	0	0	0	0	0	0	0	0	0	0	0	0	0	0	0	0	0	0	0	0	0	0	0	0	0	0	0	0	0	0	0	0	0	0	0	0	0	0	0	0	0	0	0	0	0	0	0	0	0	0	0	0	0	0	0	0	0	0	0	0	0	0	0	0	0
0	0	0	0	0	0	0	0	0	0	0	0	0	0	0	0	0	0	0	0	0	0	0	0	0	0	0	0	0	0	0	0	0	0	0	0	0	0	0	0	0	0	0	0	0	0	0	0	0	0	0	0	0	0	0	0	0	0	0	0	0	0	0	0	0	0	0	0	0	0
0	0	0	0	0	0	0	0	0	0	0	0	0	0	0	0	0	0	0	0	0	0	0	0	0	0	0	0	0	0	0	0	0	0	0	0	0	0	0	0	0	0	0	0	0	0	0	0	0	0	0	0	0	0	0	0	0	0	0	0	0	0	0	0	0	0	0	0	0	0
0	0	0	0	0	0	0	0	0	0	0	0	0	0	0	0	0	0	0	0	0	0	0	0	0	0	0	0	0	0	0	0	0	0	0	0	0	0	0	0	0	0	0	0	0	0	0	0	0	0	0	0	0	0	0	0	0	0	0	0	0	0	0	0	0	0	0	0	0	0
0	0	0	0	0	0	0	0	0	0	0	0	0	0	0	0	0	0	0	0	0	0	0	0	0	0	0	0	0	0	0	0	0	0	0	0	0	0	0	0	0	0	0	0	0	0	0	0	0	0	0	0	0	0	0	0	0	0	0	0	0	0	0	0	0	0	0	0	0	0
0	0	0	0	0	0	0	0	0	0	0	0	0	0	0	0	0	0	0	0	0	0	0	0	0	0	0	0	0	0	0	0	0	0	0	0	0	0	0	0	0	0	0	0	0	0	0	0	0	0	0	0	0	0	0	0	0	0	0	0	0	0	0	0	0	0	0	0	0	0
0	0	0	0	0	0	0	0	0	0	0	0	0	0	0	0	0	0	0	0	0	0	0	0	0	0	0	0	0	0	0	0	0	0	0	0	0	0	0	0	0	0	0	0	0	0	0	0	0	0	0	0	0	0	0	0	0	0	0	0	0	0	0	0	0	0	0	0	0	0
0	0	0	0	0	0	0	0	0	0	0	0	0	0	0	0	0	0	0	0	0	0	0	0	0	0	0	0	0	0	0	0	0	0	0	0	0	0	0	0	0	0	0	0	0	0	0	0	0	0	0	0	0	0	0	0	0	0	0	0	0	0	0	0	0	0	0	0	0	0
0	0	0	0	0	0	0	0	0	0	0	0	0	0	0	0	0	0	0	0	0	0	0	0	0	0	0	0	0	0	0	0	0	0	0	0	0	0	0	0	0	0	0	0	0	0	0	0	0	0	0	0	0	0	0	0	0	0	0	0	0	0	0	0	0	0	0	0	0	0
0	0	0	0	0	0	0	0	0	0	0	0	0	0	0	0	0	0	0	0	0	0	0	0	0	0	0	0	0	0	0	0	0	0	0	0	0	0	0	0	0	0	0	0	0	0	0	0	0	0	0	0	0	0	0	0	0	0	0	0	0	0	0	0	0	0	0	0	0	0
0	0	0	0	0	0	0	0	0	0	0	0	0	0	0	0	0	0	0	0	0	0	0	0	0	0	0	0	0	0	0	0	0	0	0	0	0	0	0	0	0	0	0	0	0	0	0	0	0	0	0	0	0	0	0	0	0	0	0	0	0	0	0	0	0	0	0	0	0	0
0	0	0	0	0	0	0	0	0	0	0	0	0	0	0	0	0	0	0	0	0	0	0	0	0	0	0	0	0	0	0	0	0	0	0	0	0	0	0	0	0	0	0	0	0	0	0	0	0	0	0	0	0	0	0	0	0	0	0	0	0	0	0	0	0	0	0	0	0	0
0	0	0	0	0	0	0	0	0	0	0	0	0	0	0	0	0	0	0	0	0	0	0	0	0	0	0	0	0	0	0	0	0	0	0	0	0	0	0	0	0	0	0	0	0	0	0	0	0	0	0	0	0	0	0	0	0	0	0	0	0	0	0	0	0	0	0	0	0	0
0	0	0	0	0	0	0	0	0	0	0	0	0	0	0	0	0	0	0	0	0	0	0	0	0	0	0	0	0	0	0	0	0	0	0	0	0	0	0	0	0	0	0	0	0	0	0	0	0	0	0	0	0	0	0	0	0	0	0	0	0	0	0	0	0	0	0	0	0	0
0	0	0	0	0	0	0	0	0	0	0	0	0	0	0	0	0	0	0	0	0	0	0	0	0	0	0	0	0	0	0	0	0	0	0	0	0	0	0	0	0	0	0	0	0	0	0	0	0	0	0	0	0	0	0	0	0	0	0	0	0	0	0	0	0	0	0	0	0	0
0	0	0	0	0	0	0	0	0	0	0	0	0	0	0	0	0	0	0	0	0	0	0	0	0	0	0	0	0	0	0	0	0	0	0	0	0	0	0	0	0	0	0	0	0	0	0	0	0	0	0	0	0	0	0	0	0	0	0	0	0	0	0	0	0	0	0	0	0	0
0	0	0	0	0	0	0	0	0	0	0	0	0	0	0	0	0	0	0	0	0	0	0	0	0	0	0	0	0	0	0	0	0	0	0	0	0	0	0	0	0	0	0	0	0	0	0	0	0	0	0	0	0	0	0	0	0	0	0	0	0	0	0	0	0	0	0	0	0	0
0	0	0	0	0	0	0	0	0	0	0	0	0	0	0	0	0	0	0	0	0	0	0	0	0	0	0	0	0	0	0	0	0	0	0	0	0	0	0	0	0	0	0	0	0	0	0	0	0	0	0	0	0	0	0	0	0	0	0	0	0	0	0	0	0	0	0	0	0	0
0	0	0	0	0	0	0	0	0	0	0	0	0	0	0	0	0	0	0	0	0	0	0	0	0	0	0	0	0	0	0	0	0	0	0	0	0	0	0	0	0	0	0	0	0	0	0	0	0	0	0	0	0	0	0	0	0	0	0	0	0	0	0	0	0	0	0	0	0	0
0	0	0	0	0	0	0	0	0	0	0	0	0	0	0	0	0	0	0	0	0	0	0	0	0	0	0	0	0	0	0	0	0	0	0	0	0	0	0	0	0	0	0	0	0	0	0	0	0	0	0	0	0	0	0	0	0	0	0	0	0	0	0	0	0	0	0	0	0	0
0	0	0	0	0	0	0	0	0	0	0	0	0	0	0	0	0	0	0	0	0	0	0	0	0	0	0	0	0	0	0	0	0	0	0	0	0	0	0	0	0	0	0	0	0	0	0	0	0	0	0	0	0	0	0	0	0	0	0	0	0	0	0	0	0	0	0	0	0	0
0	0	0	0	0	0	0	0	0	0	0	0	0	0	0	0	0	0	0	0	0	0	0	0	0	0	0	0	0	0	0	0	0	0	0	0	0	0	0	0	0	0	0	0	0	0	0	0	0	0	0	0	0	0	0	0	0	0	0	0	0	0	0	0	0	0	0	0	0	0
8.01755	8.003527	8.014044	8.024561	8.014044	8.028067	8.01755	8.021055	8.021055	8.037035	7.76703	7.784562	7.781056	7.777549	7.774043	7.781056	7.777549	7.777549	7.76703	7.76703	7.384814	7.337442	7.351465	7.356762	7.383017	7.32871	7.384814	7.376005	7.376005	7.397039	7.84577	7.856287	7.835252	7.84577	7.842264	7.828241	7.849276	7.84577	7.859792	7.84577	7.497024	7.486504	7.475985	7.497024	7.493517	7.481176	7.507544	7.482998	7.504037	7.504037	7.788069	7.781055	7.777549	7.784562	7.784562	7.788069	7.784562	7.775656	7.765139	7.777549	7.863298	7.910798	7.87031	7.849276	7.856287	7.852782	7.863298	7.84577	7.863298	7.859793
8.015656	8.012473	8.015656	8.025206	8.031573	8.002923	8.022022	8.002923	8.015656	8.015656	7.710055	7.729156	7.716422	7.721081	7.724264	7.727447	7.721081	7.736994	7.705168	7.714716	7.46647	7.428278	7.460104	7.463287	7.447374	7.444191	7.488749	7.482383	7.482383	7.496771	7.732339	7.732339	7.716422	7.738705	7.725972	7.741889	7.729156	7.722788	7.745072	7.745072	7.582722	7.573172	7.56195	7.560438	7.569988	7.569988	7.57468	7.568315	7.584228	7.587411	7.778369	7.781552	7.778369	7.778369	7.775187	7.778369	7.778369	7.772004	7.772004	7.765639	7.850122	7.892944	7.853306	7.831022	7.827839	7.824656	7.843756	7.824656	7.837389	7.840572
8.059888	8.069859	8.059887	8.076506	8.083154	8.059888	8.066535	8.049916	8.076506	8.069859	7.671019	7.684313	7.674342	7.684313	7.687637	7.68099	7.68099	7.690961	7.687637	7.674342	7.641106	7.624487	7.637782	7.641106	7.61784	7.637782	7.661048	7.647753	7.657724	7.661048	7.647753	7.637782	7.611193	7.651077	7.611193	7.651077	7.627811	7.624487	7.641106	7.644429	7.651077	7.644429	7.651077	7.644429	7.641106	7.644429	7.641106	7.637782	7.644429	7.641106	7.784023	7.784023	7.784023	7.777376	7.784023	7.784023	7.784023	7.780699	7.774053	7.767405	7.793994	7.840526	7.803966	7.774053	7.780699	7.774053	7.787347	7.767405	7.787347	7.790671
8.069525	8.075901	8.072713	8.075901	8.069525	8.072713	8.066337	8.056771	8.075901	8.069525	7.567453	7.589776	7.573832	7.573832	7.596154	7.573832	7.572154	7.589776	7.586587	7.57702	7.784304	7.787493	7.781115	7.781115	7.76517	7.777926	7.800249	7.787493	7.774737	7.79706	7.5052	7.5052	7.508389	7.521142	7.473318	7.514766	7.5052	7.48926	7.517954	7.511577	7.693309	7.690121	7.702874	7.702874	7.680556	7.696497	7.682256	7.680556	7.695012	7.680556	7.758791	7.755602	7.755602	7.749224	7.752413	7.755602	7.752413	7.752413	7.752413	7.739657	7.811275	7.870406	7.824028	7.795333	7.814463	7.813004	7.803437	7.798522	7.814463	7.808087
8.09178	8.0978	8.115862	8.09479	8.082748	8.09178	8.088769	8.076727	8.106831	8.09479	7.537878	7.528847	7.513795	7.510785	7.534867	7.516806	7.534867	7.528847	7.534867	7.510785	7.965345	7.971366	7.950294	7.953304	7.947283	7.947283	7.962335	7.947283	7.944273	7.953304	7.504764	7.486702	7.495733	7.510785	7.46864	7.510785	7.513795	7.504764	7.513795	7.501753	7.820849	7.808808	7.820849	7.823859	7.811818	7.805798	7.811818	7.805798	7.802787	7.808808	7.811818	7.808808	7.811818	7.802787	7.805798	7.802787	7.808808	7.808808	7.802787	7.787735	7.896107	7.944273	7.899117	7.872025	7.890086	7.884066	7.875035	7.872025	7.884066	7.887076
7.986965	7.983407	7.994081	7.965619	7.972734	7.969177	7.976292	7.953353	7.97985	7.983407	7.451598	7.423129	7.410623	7.408895	7.426688	7.455156	7.440922	7.440922	7.437363	7.423129	7.88574	7.892858	7.889299	7.882182	7.882182	7.871506	7.882182	7.864389	7.866004	7.862447	7.467546	7.467546	7.467546	7.467546	7.456872	7.474661	7.50668	7.474661	7.499565	7.474661	7.76639	7.743399	7.762832	7.759274	7.754074	7.743399	7.750515	7.736281	7.736281	7.73984	7.771866	7.775425	7.775425	7.76475	7.768308	7.76475	7.768308	7.775425	7.775425	7.757632	7.864388	7.91065	7.862447	7.839479	7.855331	7.853714	7.833985	7.844658	7.841101	7.848216
7.962192	7.951103	7.965889	7.940013	7.940014	7.943709	7.954799	7.93262	7.962192	7.943709	7.463169	7.485347	7.485347	7.485347	7.459472	7.500134	7.511223	7.526009	7.489044	7.496437	7.928924	7.936317	7.936317	7.928924	7.93262	7.925228	7.917834	7.914138	7.906745	7.914138	7.526009	7.50383	7.507526	7.511223	7.50383	7.511223	7.529705	7.514919	7.559277	7.540795	7.788458	7.773673	7.788458	7.784762	7.781065	7.781065	7.769976	7.769976	7.76628	7.76628	7.858692	7.858692	7.866084	7.847602	7.847602	7.854995	7.854995	7.854995	7.862388	7.843905	7.910442	7.962193	7.917835	7.89196	7.910442	7.906745	7.888263	7.903049	7.884566	7.891959
7.780004	7.776338	7.79467	7.769005	7.769005	7.765339	7.783671	7.761672	7.776338	7.769005	7.351041	7.376705	7.387704	7.351041	7.376705	7.376705	7.391371	7.380372	7.409703	7.384038	7.816668	7.820334	7.816668	7.816668	7.816668	7.813001	7.798336	7.798336	7.798336	7.79467	7.310711	7.303378	7.303378	7.340042	7.314378	7.307045	7.321709	7.32171	7.354707	7.340041	7.699344	7.688344	7.703011	7.703011	7.699344	7.695677	7.688344	7.681012	7.688344	7.684679	7.776337	7.776337	7.783669	7.769004	7.772671	7.772671	7.772671	7.772671	7.780004	7.765338	7.816668	7.86433	7.820333	7.798336	7.813001	7.809334	7.791003	7.805668	7.794669	7.794669
7.753364	7.754873	7.766444	7.743554	7.735257	7.738526	7.754873	7.740283	7.745065	7.731987	7.342936	7.369091	7.349475	7.32332	7.369091	7.378899	7.365821	7.333128	7.391976	7.359282	7.833337	7.841656	7.839875	7.841656	7.835115	7.836607	7.822035	7.828575	7.822035	7.818765	7.253041	7.259581	7.269392	7.282472	7.246501	7.251395	7.261203	7.266121	7.285742	7.284089	7.712372	7.71891	7.722179	7.722179	7.71891	7.722179	7.699295	7.709102	7.709102	7.702563	7.764681	7.763175	7.769715	7.758142	7.758142	7.756635	7.759905	7.763175	7.766445	7.763175	7.835116	7.877627	7.835116	7.828576	7.828576	7.828576	7.815496	7.831846	7.812226	7.813722
7.744941	7.755145	7.755145	7.748343	7.744941	7.738138	7.758546	7.755145	7.74154	7.738138	7.346979	7.329972	7.335043	7.329972	7.372449	7.358848	7.324841	7.301038	7.362248	7.37419	7.851931	7.858732	7.865533	7.865533	7.858732	7.865533	7.84513	7.855331	7.84513	7.851931	7.316367	7.316367	7.319769	7.333375	7.302762	7.312966	7.312966	7.309565	7.329973	7.333375	7.734737	7.744941	7.74154	7.744941	7.74154	7.744941	7.724533	7.732911	7.738139	7.726109	7.763515	7.763515	7.766916	7.760115	7.756715	7.760115	7.763515	7.760115	7.763515	7.766916	7.85193	7.896138	7.85193	7.85193	7.85193	7.855331	7.838328	7.853785	7.833376	7.836778
7.635804	7.65387	7.647848	7.647848	7.638815	7.635804	7.650859	7.650859	7.635804	7.638815	7.199215	7.151039	7.190182	7.21427	7.21427	7.21728	7.157061	7.166094	7.202226	7.223303	7.738177	7.744199	7.747211	7.750221	7.747211	7.756243	7.723123	7.74721	7.720112	7.735167	7.301588	7.283522	7.2775	7.280511	7.265456	7.256423	7.2775	7.271478	7.286533	7.301588	7.647849	7.659893	7.65086	7.653871	7.659893	7.659893	7.635805	7.656882	7.65086	7.65086	7.68398	7.68097	7.690002	7.677958	7.68097	7.677958	7.674947	7.68097	7.690002	7.693013	7.759254	7.810441	7.768287	7.771298	7.765276	7.762265	7.762265	7.768287	7.753232	7.750221
7.688184	7.70127	7.70127	7.717628	7.707813	7.694726	7.717628	7.714356	7.697999	7.707813	7.328311	7.26288	7.295596	7.334855	7.308681	7.32504	7.253066	7.249794	7.30541	7.338126	7.773244	7.776516	7.783059	7.776516	7.786331	7.792874	7.760159	7.792874	7.753615	7.783059	7.465717	7.442816	7.455903	7.439545	7.419916	7.419916	7.436273	7.419916	7.446088	7.459175	7.727443	7.747072	7.730714	7.737257	7.743801	7.743801	7.7209	7.743801	7.743801	7.737257	7.819047	7.815775	7.822319	7.822319	7.819047	7.819047	7.812504	7.819047	7.819047	7.832133	7.82559	7.877935	7.828862	7.838676	7.828862	7.835405	7.832133	7.838676	7.822319	7.819047
7.662602	7.672571	7.662602	7.679217	7.669248	7.669248	7.675894	7.675894	7.65928	7.669248	7.439968	7.356896	7.406739	7.436646	7.39677	7.423354	7.346927	7.353573	7.39677	7.400094	7.709123	7.715768	7.729061	7.7058	7.722414	7.722414	7.702477	7.729061	7.685863	7.719092	7.529686	7.526364	7.509749	7.513072	7.496458	7.486489	7.499781	7.499781	7.509749	7.526364	7.729061	7.748998	7.732383	7.735706	7.742352	7.748998	7.732383	7.745675	7.752321	7.748998	7.812133	7.80881	7.80881	7.815456	7.812133	7.80881	7.805487	7.805487	7.805487	7.822102	7.852007	7.898528	7.855331	7.868622	7.855331	7.855331	7.855331	7.861976	7.852007	7.842039
7.627193	7.630094	7.635896	7.656205	7.6446	7.627193	7.647501	7.641699	7.627193	7.647501	7.569169	7.487936	7.54596	7.566268	7.531454	7.534355	7.499541	7.502442	7.548861	7.502442	7.627193	7.621391	7.659106	7.615588	7.6446	7.638798	7.635897	7.662007	7.601082	7.641699	7.586576	7.586576	7.583675	7.57207	7.569169	7.566268	7.554663	7.566268	7.569169	7.57207	7.74324	7.760647	7.740339	7.746141	7.749043	7.751944	7.746141	7.757746	7.760647	7.760647	7.751944	7.754845	7.751944	7.760647	7.751944	7.751944	7.749043	7.74324	7.74324	7.760647	7.870892	7.923113	7.879595	7.888299	7.876694	7.876694	7.888299	7.882496	7.879595	7.870892
7.648638	7.624132	7.643192	7.664976	7.673144	7.656806	7.650084	7.651361	7.628297	7.658255	7.752108	7.680041	7.720893	7.74268	7.712723	7.707275	7.685489	7.690936	7.71817	7.696382	7.603786	7.590169	7.640469	7.59418	7.61324	7.601062	7.628297	7.6323	7.575119	7.615963	7.675867	7.675867	7.681313	7.662252	7.675867	7.673144	7.65953	7.664976	7.673144	7.670422	7.769915	7.782061	7.761745	7.767191	7.767191	7.772638	7.780808	7.783532	7.783532	7.783532	7.794426	7.791702	7.791702	7.805319	7.805319	7.797149	7.791702	7.788979	7.784783	7.802596	7.923651	7.972663	7.93182	7.937266	7.920928	7.923651	7.939989	7.926374	7.934543	7.926374
7.523717	7.520206	7.555315	7.555315	7.569358	7.544782	7.551804	7.544782	7.550134	7.558825	7.815116	7.764347	7.811605	7.827557	7.806487	7.795951	7.778393	7.79244	7.795951	7.778393	7.504481	7.495629	7.536086	7.507993	7.518528	7.493946	7.529063	7.522039	7.483411	7.522039	7.716812	7.702769	7.706279	7.678193	7.702769	7.699258	7.692236	7.681704	7.699258	7.70979	7.75192	7.762453	7.744899	7.748409	7.748409	7.7503	7.760835	7.753811	7.767858	7.764347	7.83458	7.824045	7.827557	7.841604	7.845115	7.83458	7.824045	7.824045	7.820533	7.83458	7.897791	7.945016	7.901302	7.906397	7.892354	7.888844	7.906397	7.894279	7.908326	7.899376
7.479334	7.491379	7.468952	7.449856	7.46549	7.451646	7.489718	7.468952	7.479334	7.482796	7.894661	7.911966	7.894661	7.894661	7.8912	7.887739	7.880816	7.877356	7.901583	7.884278	7.475873	7.463697	7.470617	7.463697	7.474078	7.456777	7.436015	7.477538	7.484458	7.446396	7.757816	7.757816	7.740515	7.761276	7.737054	7.740515	7.737054	7.740515	7.761276	7.770063	7.749297	7.752758	7.756219	7.763141	7.771657	7.773524	7.749297	7.763141	7.763141	7.752758	7.849667	7.856589	7.856589	7.835823	7.835823	7.835823	7.835823	7.839284	7.842745	7.839284	7.894661	7.899685	7.946577	7.889304	7.896225	7.906606	7.882384	7.903145	7.885844	7.889304
7.453347	7.446564	7.439783	7.426219	7.422828	7.426219	7.454983	7.439783	7.453347	7.453347	7.924691	7.919436	7.912655	7.909265	7.916046	7.899095	7.904345	7.905875	7.912655	7.909265	7.502445	7.495665	7.488884	7.475324	7.499054	7.471934	7.461763	7.509225	7.512615	7.485494	7.766878	7.765316	7.758534	7.765316	7.748361	7.74497	7.74497	7.74497	7.761925	7.772098	7.760098	7.772098	7.772098	7.782271	7.782271	7.789053	7.765316	7.782271	7.785662	7.773659	7.865193	7.871974	7.870436	7.858413	7.858413	7.855022	7.855022	7.855022	7.855022	7.855022	7.916045	7.919436	7.963508	7.919436	7.910793	7.926216	7.902484	7.924351	7.904015	7.904015
7.422012	7.431564	7.433207	7.431564	7.42838	7.426837	7.463404	7.466588	7.434748	7.447484	7.905987	7.896435	7.893251	7.886883	7.893251	7.87733	7.87733	7.883698	7.880515	7.886883	7.503272	7.506456	7.509641	7.503272	7.503272	7.503272	7.503272	7.52238	7.541489	7.525565	7.754867	7.748497	7.745313	7.748497	7.738943	7.735758	7.729389	7.723019	7.748497	7.746785	7.791361	7.807281	7.796268	7.805822	7.807281	7.813649	7.791361	7.807281	7.810465	7.800913	7.867778	7.867778	7.870962	7.867778	7.864594	7.858226	7.858226	7.858226	7.86141	7.867778	7.934643	7.937827	7.982404	7.937827	7.931459	7.941011	7.928275	7.944195	7.925091	7.925091
7.560522	7.582328	7.579213	7.588559	7.601019	7.597904	7.597904	7.616595	7.579213	7.591674	8.040258	8.034028	8.040258	8.034028	8.040258	8.024683	8.018453	8.021567	8.021567	8.027798	7.61971	7.629056	7.625941	7.629056	7.629056	7.650862	7.625941	7.638401	7.663323	7.644631	7.881385	7.881385	7.87827	7.875154	7.865809	7.862694	7.862694	7.853348	7.875154	7.87827	7.956149	7.971725	7.953034	7.962379	7.965495	7.97484	7.956149	7.971725	7.971725	7.965495	8.012222	8.012222	8.015337	8.018453	8.015337	8.009107	8.005992	8.002876	8.002876	8.009108	8.086987	8.090101	8.14306	8.099446	8.080756	8.083872	8.077641	8.093217	8.074526	8.077641
7.421114	7.421114	7.44522	7.469326	7.458995	7.486544	7.438333	7.458995	7.424559	7.47277	7.906672	7.892898	7.91356	7.910116	7.917004	7.896342	7.896342	7.896342	7.887897	7.891342	7.398778	7.419446	7.402223	7.416001	7.409112	7.443557	7.419446	7.416001	7.440113	7.436668	7.76734	7.770784	7.763896	7.753562	7.763896	7.753562	7.753562	7.74482	7.758595	7.765481	7.837799	7.858461	7.834355	7.841243	7.841243	7.84813	7.837799	7.851573	7.858461	7.851573	7.872236	7.872236	7.875679	7.882567	7.886011	7.879123	7.868793	7.865349	7.865349	7.879124	7.947998	7.958328	7.999652	7.965216	7.94111	7.951441	7.951441	7.954885	7.94111	7.944553
7.403412	7.38967	7.424025	7.427461	7.427461	7.461815	7.403412	7.434331	7.406848	7.465251	7.867199	7.850022	7.870635	7.87407	7.877506	7.860328	7.860328	7.850022	7.850022	7.856893	7.331268	7.345009	7.317526	7.334703	7.331268	7.348445	7.341574	7.348445	7.348445	7.358751	7.757265	7.7607	7.757265	7.740087	7.753829	7.743523	7.746958	7.740087	7.750394	7.753829	7.819103	7.839715	7.819103	7.815667	7.819103	7.822538	7.819103	7.82941	7.83628	7.83628	7.87407	7.870635	7.870635	7.887812	7.887812	7.880941	7.87407	7.870635	7.870635	7.887812	7.956521	7.970263	8.014924	7.977134	7.94965	7.956521	7.963392	7.953085	7.953085	7.94965
7.347871	7.360807	7.360807	7.360807	7.367276	7.389915	7.331701	7.380212	7.334935	7.409319	7.842689	7.823284	7.845922	7.849157	7.855625	7.842689	7.832986	7.82476	7.82476	7.82476	7.281554	7.291254	7.278321	7.278321	7.284787	7.284787	7.294488	7.304188	7.291254	7.310655	7.724526	7.724526	7.723027	7.706857	7.726261	7.719793	7.726261	7.713325	7.723027	7.723027	7.771539	7.781241	7.768304	7.765071	7.765071	7.768304	7.771539	7.774773	7.781241	7.781241	7.829753	7.82476	7.827994	7.837694	7.840927	7.840927	7.837694	7.831227	7.831227	7.840927	7.944395	7.957329	7.999363	7.957329	7.934695	7.931462	7.957329	7.931462	7.937928	7.937928
7.310072	7.311756	7.298498	7.303445	7.300131	7.298498	7.25541	7.301813	7.258724	7.364788	7.845388	7.828815	7.845388	7.855331	7.858646	7.852016	7.842074	7.838759	7.835444	7.828815	7.31507	7.305127	7.310072	7.298498	7.306758	7.300131	7.323327	7.313385	7.306758	7.336582	7.71766	7.71766	7.71766	7.704405	7.724288	7.720973	7.724288	7.714346	7.727602	7.720973	7.752582	7.759211	7.742639	7.739324	7.739324	7.742639	7.755896	7.739324	7.755896	7.755896	7.838758	7.832129	7.828815	7.852016	7.848701	7.848701	7.845387	7.838758	7.838758	7.845387	7.941507	7.933053	7.986073	7.936366	7.919798	7.916484	7.942994	7.916484	7.926425	7.926425
7.32332	7.310243	7.290627	7.303704	7.280819	7.313512	7.251394	7.27428	7.264472	7.329859	7.836607	7.836607	7.843145	7.849684	7.856222	7.852953	7.843145	7.846415	7.849684	7.823529	7.437747	7.398515	7.408323	7.401784	7.405054	7.395246	7.421401	7.382168	7.405054	7.421401	7.741796	7.748334	7.745065	7.728718	7.751604	7.751604	7.754873	7.751604	7.764681	7.761412	7.830068	7.836607	7.826798	7.826798	7.816991	7.823529	7.826798	7.82026	7.810452	7.816991	7.875839	7.8693	7.866031	7.879108	7.885647	7.882378	7.885647	7.882378	7.87257	7.882378	7.947764	7.944495	8.000073	7.937956	7.928148	7.911801	7.941226	7.915071	7.934687	7.928148
7.350887	7.350887	7.318812	7.324644	7.321728	7.336308	7.254663	7.31298	7.272159	7.353802	7.764939	7.767855	7.770771	7.773686	7.779518	7.786689	7.780859	7.783774	7.783774	7.742961	7.480586	7.451434	7.454349	7.454349	7.457264	7.436857	7.47184	7.442688	7.445603	7.460179	7.722553	7.722553	7.724117	7.716723	7.729948	7.729948	7.732864	7.732864	7.741611	7.744528	7.840751	7.834919	7.834919	7.826172	7.823256	7.82034	7.840751	7.823256	7.826172	7.826172	7.849499	7.840751	7.834919	7.849499	7.846583	7.846583	7.843667	7.849499	7.849499	7.846583	7.913648	7.93989	7.966134	7.899068	7.907816	7.913648	7.919479	7.890321	7.907816	7.901984
7.487481	7.474806	7.44312	7.44312	7.430446	7.455795	7.411434	7.417771	7.389254	7.455795	7.69978	7.715622	7.696611	7.706117	7.709286	7.72196	7.715622	7.718791	7.737803	7.683937	7.554023	7.541348	7.554022	7.535011	7.544517	7.506494	7.541348	7.525505	7.522336	7.525505	7.72196	7.725129	7.725129	7.718792	7.731466	7.734634	7.740972	7.734634	7.750478	7.756815	7.810682	7.804345	7.810682	7.804345	7.798008	7.794839	7.813851	7.79167	7.804345	7.798008	7.883561	7.880392	7.874055	7.880392	7.880392	7.880392	7.878658	7.880392	7.889898	7.872323	7.967361	7.976864	8.021215	7.945185	7.961025	7.957857	7.964193	7.938849	7.961025	7.957857
7.61596	7.609522	7.593428	7.593428	7.561238	7.58699	7.554801	7.574114	7.554801	7.580552	7.632055	7.667462	7.625617	7.632055	7.641711	7.654587	7.654587	7.657806	7.689995	7.619179	7.632055	7.619179	7.628836	7.603084	7.628836	7.603084	7.622397	7.599865	7.593428	7.596646	7.731841	7.731841	7.73506	7.73506	7.741498	7.741498	7.747936	7.754374	7.76403	7.767249	7.760811	7.741498	7.760811	7.757593	7.747936	7.747936	7.767249	7.738279	7.747936	7.744717	7.915319	7.912101	7.905663	7.892787	7.896006	7.905663	7.908882	7.908882	7.908882	7.896006	7.989355	7.999012	8.037639	7.966822	7.979698	7.986135	7.982917	7.966822	7.982917	7.979698
7.712702	7.683082	7.690022	7.700433	7.676141	7.679611	7.672671	7.679611	7.66573	7.686552	7.523451	7.578975	7.51998	7.523451	7.544272	7.540802	7.553033	7.556504	7.585915	7.521794	7.653694	7.643281	7.646752	7.636339	7.653694	7.63981	7.646752	7.632868	7.622455	7.618983	7.698818	7.693492	7.688405	7.70576	7.696962	7.702289	7.709231	7.707373	7.726586	7.728194	7.769836	7.752485	7.769836	7.769836	7.762896	7.766366	7.762896	7.745545	7.742074	7.738605	7.894765	7.894765	7.891294	7.877413	7.877413	7.880884	7.880884	7.887824	7.891294	7.870473	8.005812	8.023163	8.054396	7.98152	7.998871	8.012753	7.995401	7.988461	7.998871	7.995401
7.869821	7.849897	7.851407	7.856538	7.836615	7.849897	7.836615	7.849897	7.846577	7.839935	7.531119	7.554364	7.494593	7.499505	7.527799	7.524478	7.545982	7.529384	7.561005	7.512784	7.755132	7.751812	7.748493	7.748493	7.75692	7.745173	7.751812	7.738533	7.735213	7.735213	7.761772	7.750279	7.748493	7.765092	7.750279	7.7536	7.760241	7.763562	7.783485	7.783485	7.869821	7.849897	7.8665	7.8665	7.86318	7.8665	7.859859	7.846577	7.843256	7.839935	7.929592	7.929592	7.92295	7.906347	7.911165	7.911165	7.916309	7.917804	7.927764	7.901205	8.073836	8.083796	8.123634	8.050598	8.070517	8.077156	8.060557	8.063877	8.063877	8.073836
7.904626	7.904626	7.89789	7.889631	7.889631	7.886262	7.899737	7.896369	7.896369	7.886262	7.502224	7.475274	7.451692	7.455061	7.482011	7.45843	7.482011	7.471905	7.498855	7.478642	7.753068	7.756435	7.756435	7.758249	7.756435	7.753068	7.7497	7.746332	7.742964	7.73286	7.736228	7.73286	7.726124	7.746332	7.722755	7.722755	7.729492	7.73286	7.7497	7.759803	7.845837	7.835731	7.849206	7.859312	7.849206	7.852574	7.842468	7.839099	7.835731	7.832362	7.906475	7.904627	7.906475	7.886262	7.889631	7.893	7.891154	7.891154	7.899737	7.884419	8.049449	8.056186	8.093232	8.029242	8.042713	8.052817	8.029242	8.046082	8.035977	8.039346
7.868602	7.875901	7.87955	7.861302	7.861302	7.864953	7.872252	7.872252	7.875901	7.864953	7.507288	7.481741	7.467143	7.49634	7.485391	7.452544	7.478092	7.474442	7.507288	7.481741	7.726266	7.729916	7.737216	7.737216	7.733565	7.733565	7.726266	7.733565	7.722617	7.718967	7.740865	7.733565	7.733565	7.744515	7.722617	7.726266	7.722617	7.726267	7.748165	7.751815	7.843055	7.835756	7.846705	7.850355	7.850355	7.850355	7.843055	7.846705	7.843055	7.832107	7.916048	7.919697	7.916048	7.8978	7.8978	7.8978	7.8978	7.901449	7.908749	7.890501	8.043785	8.047435	8.087581	8.029186	8.043785	8.051085	8.029186	8.047435	8.029186	8.040135
7.88954	7.883162	7.876784	7.870406	7.864028	7.860839	7.851272	7.851272	7.854461	7.860839	7.500484	7.494106	7.503673	7.500484	7.505201	7.498825	7.492448	7.492448	7.514766	7.498825	7.72838	7.718815	7.718815	7.712439	7.706062	7.706062	7.699686	7.699686	7.696497	7.702874	7.773016	7.777925	7.781115	7.781115	7.798522	7.793871	7.790681	7.800249	7.797059	7.806627	7.860839	7.864028	7.85765	7.85765	7.844894	7.848083	7.838516	7.841705	7.841705	7.841705	7.924619	7.924619	7.924619	7.930997	7.930997	7.937375	7.940564	7.940564	7.940564	7.937375	8.074501	8.122335	8.131903	8.068123	8.058556	8.058556	8.048989	8.042611	8.039422	8.039422
7.952346	7.955892	7.943666	7.943666	7.943666	7.929481	7.922388	7.925934	7.918842	7.915296	7.472011	7.472011	7.457825	7.475557	7.472011	7.472011	7.493288	7.493288	7.489742	7.482649	7.830184	7.819546	7.823092	7.814075	7.810529	7.808907	7.799893	7.796348	7.789257	7.799893	7.86371	7.870801	7.860165	7.867256	7.874347	7.877892	7.881437	7.888528	7.888528	7.899165	7.936574	7.943666	7.936574	7.936574	7.929481	7.925935	7.918842	7.918842	7.915296	7.922388	8.011045	8.011045	8.007499	8.011045	8.014592	8.021684	8.028776	8.028776	8.02523	8.02523	8.142258	8.182797	8.195452	8.136707	8.129617	8.129617	8.122525	8.11189	8.108344	8.110341
7.833118	7.833118	7.833118	7.829525	7.825932	7.818746	7.815153	7.804373	7.807966	7.81156	7.294142	7.297736	7.286956	7.290549	7.283363	7.297736	7.304922	7.308516	7.326481	7.315701	7.739696	7.736103	7.736103	7.736103	7.73251	7.728917	7.718137	7.718137	7.718137	7.714544	7.761255	7.754069	7.754069	7.757662	7.761255	7.764849	7.768442	7.779221	7.779221	7.797187	7.858271	7.861864	7.861864	7.854678	7.854678	7.851084	7.836712	7.840305	7.836712	7.833119	7.955287	7.953302	7.955287	7.948101	7.953302	7.958879	7.964079	7.964079	7.964079	7.967671	8.053886	8.089808	8.104177	8.046701	8.046701	8.043109	8.039517	8.032332	8.025148	8.021555
7.855924	7.852665	7.852665	7.852665	7.852665	7.842885	7.846145	7.839625	7.833106	7.829846	7.301772	7.32785	7.301772	7.301772	7.308291	7.301772	7.298512	7.31807	7.347408	7.334369	7.758132	7.751613	7.751613	7.751613	7.751613	7.751613	7.735314	7.728795	7.725534	7.728795	7.748353	7.738574	7.748353	7.738574	7.745093	7.751613	7.751613	7.761392	7.761392	7.784209	7.859183	7.868962	7.859183	7.862443	7.865703	7.859183	7.846144	7.849404	7.836365	7.839625	7.943936	7.947196	7.940676	7.943936	7.947196	7.953715	7.956975	7.960235	7.963494	7.966754	8.077584	8.113441	8.132999	8.071065	8.072892	8.072892	8.074325	8.06311	8.05659	8.050069
7.805822	7.799099	7.802461	7.799099	7.815907	7.815907	7.802461	7.792376	7.789014	7.775567	7.372165	7.399059	7.355357	7.372165	7.375527	7.365442	7.365442	7.385612	7.38225	7.38225	7.738589	7.735227	7.738589	7.738589	7.738589	7.738589	7.735227	7.72178	7.715057	7.711695	7.799099	7.799099	7.795737	7.792376	7.795737	7.792376	7.799099	7.805822	7.812546	7.829354	7.856247	7.85961	7.85961	7.862971	7.862971	7.862971	7.856247	7.852886	7.842801	7.839439	7.89995	7.893226	7.886503	7.896588	7.889865	7.89995	7.89995	7.903311	7.910035	7.916758	8.088204	8.118459	8.138629	8.08148	8.088204	8.084842	8.086316	8.079594	8.078119	8.069511
7.734406	7.750628	7.740895	7.750628	7.753872	7.766849	7.753872	7.744139	7.718184	7.711697	7.517038	7.530015	7.497572	7.504061	7.494328	7.494328	7.478106	7.48784	7.491084	7.500817	7.753872	7.753872	7.760361	7.763605	7.763605	7.766849	7.757116	7.760361	7.747384	7.740895	7.831736	7.828491	7.818758	7.815514	7.822002	7.825247	7.818758	7.83498	7.831736	7.854445	7.870667	7.877156	7.877155	7.877156	7.883645	7.883645	7.870667	7.867423	7.860935	7.86418	7.971241	7.958264	7.955019	7.951776	7.948531	7.942042	7.951776	7.955019	7.961508	7.967997	8.117234	8.152922	8.169144	8.110745	8.117234	8.117234	8.123723	8.117234	8.120479	8.11399
7.627538	7.638997	7.638997	7.650258	7.684448	7.666487	7.653504	7.651983	7.627538	7.6178	7.6178	7.604817	7.608063	7.608063	7.585343	7.598326	7.588589	7.598326	7.598326	7.608063	7.750876	7.754123	7.760614	7.759117	7.76386	7.767106	7.76561	7.759117	7.752624	7.749378	7.749378	7.746131	7.736392	7.736392	7.729898	7.726652	7.733145	7.739638	7.739638	7.762363	7.901963	7.913164	7.916409	7.921442	7.922901	7.927935	7.919656	7.916409	7.913164	7.908456	7.996111	7.984571	7.971587	7.974833	7.965096	7.971587	7.974833	7.968342	7.978079	7.981325	8.166333	8.208529	8.218266	8.159842	8.163088	8.172825	8.172825	8.169579	8.169579	8.172825
7.537979	7.547569	7.537979	7.56675	7.569946	7.58593	7.573143	7.57634	7.562035	7.539652	7.712316	7.712316	7.696328	7.699526	7.677144	7.686736	7.689933	7.686736	7.689933	7.699526	7.74429	7.747488	7.757081	7.757081	7.766673	7.769871	7.761754	7.769871	7.760278	7.753883	7.830623	7.822492	7.822492	7.812901	7.803311	7.793721	7.796918	7.800114	7.809705	7.832082	7.908804	7.915198	7.918395	7.921592	7.927985	7.931182	7.924788	7.931182	7.921592	7.916955	8.070434	8.060842	8.051249	8.044854	8.038459	8.032064	8.041656	8.038459	8.038459	8.044854	8.188741	8.236703	8.249493	8.182345	8.188741	8.198333	8.204728	8.198333	8.20153	8.20153
7.509079	7.510524	7.508234	7.503932	7.507377	7.506326	7.506548	7.505863	7.500933	7.503035	7.50408	7.499933	7.501864	7.499739	7.502458	7.50051	7.499202	7.502938	7.497157	7.500122	7.496694	7.495746	7.493872	7.491712	7.491044	7.49346	7.490804	7.495814	7.491861	7.489673	7.493523	7.490353	7.488702	7.481555	7.488176	7.485234	7.486834	7.481584	7.486177	7.499059	7.497848	7.497591	7.501384	7.499939	7.500784	7.497054	7.497699	7.496602	7.496768	7.495803	7.492706	7.492032	7.490747	7.488896	7.490758	7.492569	7.488171	7.493575	7.489804	7.485691	7.489587	7.489027	7.538322	7.496631	7.481921	7.485606	7.482515	7.484857	7.485891	7.481944
77.062179	77.13246	77.157968	77.16606	77.249159	77.266667	77.270964	77.352048	77.367357	77.455242	77.615575	77.739841	77.657806	77.703702	77.763437	77.769036	77.740413	77.863663	77.865806	77.926937	78.07669	78.066135	78.166738	78.168909	78.245615	78.193611	78.270857	78.266909	78.272456	78.280802	78.465242	78.468365	78.467179	78.56531	78.568845	78.567976	78.650917	78.668687	78.638381	78.720067	78.862921	78.864147	78.865524	78.852698	78.96844	78.948825	78.93577	78.974306	79.043794	78.975214	79.166825	79.16796	79.168746	79.240048	79.258369	79.268056	79.266437	79.380845	79.366036	79.389929	79.478528	79.476393	79.48381	79.514222	79.599944	79.57379	79.612972	79.632817	79.596071	79.592175
29.52	29.52	29.52	29.52	29.52	29.52	29.52	29.52	29.52	29.52	29.52	29.52	29.52	29.52	29.52	29.52	29.52	29.52	29.52	29.52	29.52	29.52	29.52	29.52	29.52	29.52	29.52	29.52	29.52	29.52	29.52	29.52	29.52	29.52	29.52	29.52	29.52	29.52	29.52	29.52	29.52	29.52	29.52	29.52	29.52	29.52	29.52	29.52	29.52	29.52	29.52	29.52	29.52	29.52	29.52	29.52	29.52	29.52	29.52	29.52	29.52	29.52	29.52	29.52	29.52	29.52	29.52	29.52	29.52	29.52
527597800	527600300	527602700	527605100	527607500	527609900	527612300	527614700	527617100	527619500	527633200	527635700	527638100	527640500	527642900	527645300	527647700	527650100	527652500	527654900	527668600	527671100	527673500	527675900	527678300	527680700	527683100	527685500	527687900	527690300	527704000	527706500	527708900	527711300	527713700	527716100	527718500	527720900	527723300	527725700	527739400	527741900	527744300	527746700	527749100	527751500	527753900	527756300	527758700	527761100	527774800	527777300	527779700	527782100	527784500	527786900	527789300	527791700	527794100	527796500	527810200	527812700	527815100	527817700	527820100	527822500	527824900	527827300	527829700	527832100
