% Starttime: 2/6/2019   6:58:42 PM
%time|P01|P1|Patm|T01
0.000	5.807887E-1	0.000000E+0	1.464180E+1	6.775113E+1
0.019	3.438500E-1	0.000000E+0	1.464180E+1	6.775104E+1
0.040	0.000000E+0	0.000000E+0	1.464180E+1	6.775375E+1
0.060	8.957437E-2	0.000000E+0	1.464180E+1	6.775534E+1
0.080	4.941038E-1	-5.268216E-3	1.464180E+1	6.775729E+1
0.100	4.969933E-1	5.269676E-3	1.464180E+1	6.775558E+1
0.120	8.668488E-2	5.269676E-3	1.464180E+1	6.775525E+1
0.140	-6.645840E-2	5.269676E-3	1.464180E+1	6.775668E+1
0.160	-6.067941E-1	0.000000E+0	1.464180E+1	6.775793E+1
0.180	3.005076E-1	0.000000E+0	1.464180E+1	6.775751E+1
0.200	3.236235E-1	5.269676E-3	1.464180E+1	6.775555E+1
0.220	2.889496E-3	2.634844E-2	1.464180E+1	6.775345E+1
0.240	-6.067941E-2	5.269688E-2	1.464180E+1	6.775452E+1
0.260	1.878172E-1	9.485441E-2	1.464180E+1	6.775430E+1
0.280	6.848105E-1	1.159332E-1	1.464180E+1	6.775436E+1
0.300	5.576727E-1	1.159332E-1	1.464180E+1	6.775085E+1
0.320	1.935962E-1	9.485441E-2	1.464180E+1	6.774811E+1
0.340	1.098008E-1	4.215753E-2	1.464180E+1	6.774884E+1
0.360	2.167122E-1	5.269676E-3	1.464180E+1	6.774887E+1
0.380	6.067941E-1	-1.053464E-2	1.464180E+1	6.774716E+1
0.400	5.750097E-1	-1.580104E-2	1.464180E+1	6.774377E+1
0.420	2.658336E-1	-5.268216E-3	1.464180E+1	6.774194E+1
0.439	3.091761E-1	0.000000E+0	1.464180E+1	6.774249E+1
0.459	5.345567E-1	-5.268216E-3	1.464180E+1	6.774081E+1
0.480	1.181804E+0	-3.160033E-2	1.464180E+1	6.774142E+1
0.500	1.141351E+0	-8.426455E-2	1.464180E+1	6.773743E+1
0.519	9.650916E-1	-1.421951E-1	1.464180E+1	6.773584E+1
0.540	9.650916E-1	-1.948594E-1	1.464180E+1	6.773679E+1
0.560	1.277157E+0	-2.633228E-1	1.464180E+1	6.773575E+1
0.580	1.860835E+0	-3.317863E-1	1.464180E+1	6.773706E+1
0.600	1.930183E+0	-3.897169E-1	1.464180E+1	6.773392E+1
0.620	1.953299E+0	-4.845125E-1	1.464180E+1	6.773276E+1
0.640	2.144006E+0	-4.792461E-1	1.464180E+1	6.773410E+1
0.660	2.828816E+0	-5.161110E-1	1.464180E+1	6.773383E+1
0.680	3.756345E+0	-5.529760E-1	1.464180E+1	6.773547E+1
0.700	4.192658E+0	-6.161730E-1	1.464180E+1	6.773331E+1
0.720	4.363139E+0	-5.951073E-1	1.464180E+1	6.773276E+1
0.740	4.819679E+0	-7.425672E-1	1.464180E+1	6.773502E+1
0.760	5.640296E+0	-8.636948E-1	1.464180E+1	6.773569E+1
0.779	6.706520E+0	-9.742897E-1	1.464180E+1	6.773767E+1
0.800	7.281530E+0	-1.011155E+0	1.464180E+1	6.773605E+1
0.820	7.631159E+0	-1.132282E+0	1.464180E+1	6.773526E+1
0.840	8.185942E+0	-1.353472E+0	1.464180E+1	6.773871E+1
0.860	9.047012E+0	-1.479866E+0	1.464180E+1	6.773874E+1
0.879	1.020281E+1	-1.722121E+0	1.464180E+1	6.773959E+1
0.900	1.081249E+1	-1.837983E+0	1.464180E+1	6.773984E+1
0.920	1.118235E+1	-1.938045E+0	1.464180E+1	6.773932E+1
0.940	1.181515E+1	-2.275096E+0	1.464180E+1	6.774240E+1
0.960	1.264443E+1	-2.464687E+0	1.464180E+1	6.774258E+1
0.979	1.377134E+1	-2.696409E+0	1.464180E+1	6.774585E+1
1.000	1.446771E+1	-3.017661E+0	1.464180E+1	6.774374E+1
1.020	1.484623E+1	-3.296781E+0	1.464180E+1	6.774481E+1
1.039	1.538079E+1	-3.481106E+0	1.464180E+1	6.774930E+1
1.059	1.623608E+1	-3.776025E+0	1.464180E+1	6.775134E+1
1.079	1.735142E+1	-4.018281E+0	1.464180E+1	6.775726E+1
1.099	1.805357E+1	-4.281602E+0	1.464180E+1	6.775714E+1
1.119	1.844654E+1	-4.818776E+0	1.464180E+1	6.776227E+1
1.139	1.893487E+1	-5.066298E+0	1.464180E+1	6.776749E+1
1.160	1.987684E+1	-5.336578E+0	1.464180E+1	6.777356E+1
1.180	2.095751E+1	-5.679004E+0	1.464180E+1	6.778207E+1
1.200	2.158453E+1	-5.908926E+0	1.464180E+1	6.778790E+1
1.220	2.187348E+1	-5.661404E+0	1.464180E+1	6.779510E+1
1.240	2.241671E+1	-5.814130E+0	1.464180E+1	6.780545E+1
1.260	2.321132E+1	-5.861528E+0	1.464180E+1	6.781528E+1
1.280	2.441624E+1	-6.377637E+0	1.464180E+1	6.782617E+1
1.300	2.497102E+1	-7.130735E+0	1.464180E+1	6.783539E+1
1.320	2.519640E+1	-7.646845E+0	1.464180E+1	6.784735E+1
1.340	2.570496E+1	-7.831169E+0	1.464180E+1	6.786438E+1
1.360	2.660070E+1	-7.351925E+0	1.464180E+1	6.787979E+1
1.380	2.767270E+1	-7.915432E+0	1.464180E+1	6.789972E+1
1.400	2.816681E+1	-8.758059E+0	1.464180E+1	6.791989E+1
1.420	2.843264E+1	-9.426895E+0	1.464180E+1	6.794366E+1
1.440	2.896431E+1	-9.974603E+0	1.464180E+1	6.797504E+1
1.460	2.971846E+1	-1.041172E+1	1.464180E+1	6.800479E+1
1.480	3.083959E+1	-1.074877E+1	1.464180E+1	6.804013E+1
1.500	3.139726E+1	-1.101735E+1	1.464180E+1	6.807706E+1
1.519	3.160820E+1	-1.120694E+1	1.464180E+1	6.811859E+1
1.540	3.196360E+1	-1.135440E+1	1.464180E+1	6.816589E+1
1.560	3.279000E+1	-1.146500E+1	1.464180E+1	6.821536E+1
1.580	3.374353E+1	-1.154400E+1	1.464180E+1	6.826849E+1
1.600	3.439945E+1	-1.159666E+1	1.464180E+1	6.831949E+1
1.619	3.457282E+1	-1.163352E+1	1.464180E+1	6.837613E+1
1.640	3.493112E+1	-1.166512E+1	1.464180E+1	6.843594E+1
1.660	3.566794E+1	-1.168092E+1	1.464180E+1	6.849680E+1
1.679	3.671682E+1	-1.169672E+1	1.464180E+1	6.855670E+1
1.699	3.725138E+1	-1.170199E+1	1.464180E+1	6.861533E+1
1.724	3.737563E+1	-1.169672E+1	1.464180E+1	6.867529E+1
1.739	3.782639E+1	-1.169672E+1	1.464180E+1	6.875394E+1
1.759	3.848808E+1	-1.169146E+1	1.464180E+1	6.880344E+1
1.779	3.951097E+1	-1.167409E+1	1.464180E+1	6.886670E+1
1.800	4.003685E+1	-1.166512E+1	1.464180E+1	6.892960E+1
1.819	4.025068E+1	-1.165459E+1	1.464180E+1	6.899307E+1
1.839	4.056274E+1	-1.163352E+1	1.464180E+1	6.905997E+1
1.859	4.126778E+1	-1.161246E+1	1.464180E+1	6.912509E+1
1.879	4.222420E+1	-1.159666E+1	1.464180E+1	6.919199E+1
1.899	4.272986E+1	-1.157559E+1	1.464180E+1	6.925461E+1
1.919	4.287723E+1	-1.155453E+1	1.464180E+1	6.932028E+1
1.939	4.333377E+1	-1.152820E+1	1.464180E+1	6.938571E+1
1.960	4.397524E+1	-1.150186E+1	1.464180E+1	6.945041E+1
1.980	4.501257E+1	-1.148080E+1	1.464180E+1	6.951453E+1
1.999	4.546044E+1	-1.145447E+1	1.464180E+1	6.957275E+1
2.019	4.555868E+1	-1.142813E+1	1.464180E+1	6.963269E+1
2.040	4.587075E+1	-1.140180E+1	1.464180E+1	6.969244E+1
2.059	4.659023E+1	-1.137547E+1	1.464180E+1	6.975177E+1
2.080	4.765646E+1	-1.134387E+1	1.464180E+1	6.980933E+1
2.099	4.816501E+1	-1.132640E+1	1.464180E+1	6.986160E+1
2.119	4.821413E+1	-1.130174E+1	1.464180E+1	6.991464E+1
2.141	4.865044E+1	-1.126488E+1	1.464180E+1	6.997086E+1
2.159	4.917922E+1	-1.123854E+1	1.464180E+1	7.002701E+1
2.179	5.011831E+1	-1.121221E+1	1.464180E+1	7.007486E+1
2.199	5.054306E+1	-1.118588E+1	1.464180E+1	7.012289E+1
2.219	5.067598E+1	-1.116481E+1	1.464180E+1	7.017139E+1
2.239	5.100827E+1	-1.113321E+1	1.464180E+1	7.022189E+1
2.259	5.170753E+1	-1.110688E+1	1.464180E+1	7.026755E+1
2.279	5.262061E+1	-1.107880E+1	1.464180E+1	7.031326E+1
2.299	5.308871E+1	-1.104192E+1	1.464180E+1	7.035379E+1
2.319	5.314939E+1	-1.101735E+1	1.464180E+1	7.039612E+1
2.339	5.333720E+1	-1.100155E+1	1.464180E+1	7.043768E+1
2.359	5.391799E+1	-1.096996E+1	1.464180E+1	7.047583E+1
2.379	5.486575E+1	-1.094709E+1	1.464180E+1	7.051297E+1
2.399	5.526450E+1	-1.091549E+1	1.464180E+1	7.054550E+1
2.419	5.519515E+1	-1.089096E+1	1.464180E+1	7.057813E+1
2.439	5.537430E+1	-1.085936E+1	1.464180E+1	7.061267E+1
2.460	5.598687E+1	-1.083829E+1	1.464180E+1	7.064642E+1
2.479	5.676704E+1	-1.081196E+1	1.464180E+1	7.067960E+1
2.499	5.707910E+1	-1.079090E+1	1.464180E+1	7.071051E+1
2.520	5.698086E+1	-1.076983E+1	1.464180E+1	7.074460E+1
2.540	5.713111E+1	-1.074877E+1	1.464180E+1	7.078195E+1
2.559	5.757898E+1	-1.072770E+1	1.464180E+1	7.082074E+1
2.580	5.825513E+1	-1.071003E+1	1.464180E+1	7.086072E+1
2.599	5.855563E+1	-1.069610E+1	1.464180E+1	7.090131E+1
2.619	5.842561E+1	-1.067504E+1	1.464180E+1	7.094498E+1
2.640	5.840827E+1	-1.065397E+1	1.464180E+1	7.099399E+1
2.660	5.884169E+1	-1.063817E+1	1.464180E+1	7.104440E+1
2.679	5.954095E+1	-1.062764E+1	1.464180E+1	7.109592E+1
2.700	5.967098E+1	-1.061711E+1	1.464180E+1	7.114581E+1
2.720	5.941381E+1	-1.060131E+1	1.464180E+1	7.120172E+1
2.740	5.940226E+1	-1.058360E+1	1.464180E+1	7.126181E+1
2.759	5.970565E+1	-1.056779E+1	1.464180E+1	7.132239E+1
2.780	6.030956E+1	-1.055726E+1	1.464180E+1	7.138626E+1
2.799	6.045692E+1	-1.054864E+1	1.464180E+1	7.145169E+1
2.819	6.030667E+1	-1.053092E+1	1.464180E+1	7.152042E+1
2.839	6.020843E+1	-1.051511E+1	1.464180E+1	7.159500E+1
2.860	6.049449E+1	-1.051178E+1	1.464180E+1	7.167480E+1
2.879	6.101170E+1	-1.050124E+1	1.464180E+1	7.175937E+1
2.899	6.102326E+1	-1.048544E+1	1.464180E+1	7.184448E+1
2.920	6.068808E+1	-1.047491E+1	1.464180E+1	7.193381E+1
2.940	6.055805E+1	-1.046965E+1	1.464180E+1	7.203409E+1
2.960	6.093947E+1	-1.045911E+1	1.464180E+1	7.213498E+1
2.980	6.128043E+1	-1.045385E+1	1.464180E+1	7.223578E+1
2.999	6.136711E+1	-1.044331E+1	1.464180E+1	7.234015E+1
3.020	6.087879E+1	-1.043278E+1	1.464180E+1	7.244452E+1
3.039	6.081233E+1	-1.042751E+1	1.464180E+1	7.255807E+1
3.060	6.105216E+1	-1.042555E+1	1.464180E+1	7.266675E+1
3.080	6.149425E+1	-1.042225E+1	1.464180E+1	7.277682E+1
3.100	6.134111E+1	-1.041172E+1	1.464180E+1	7.288788E+1
3.120	6.100304E+1	-1.041698E+1	1.464180E+1	7.299307E+1
3.139	6.087879E+1	-1.041172E+1	1.464180E+1	7.309964E+1
3.159	6.099148E+1	-1.040645E+1	1.464180E+1	7.320053E+1
3.179	6.149425E+1	-1.040118E+1	1.464180E+1	7.329770E+1
3.199	6.132088E+1	-1.039065E+1	1.464180E+1	7.338763E+1
3.220	6.099726E+1	-1.039065E+1	1.464180E+1	7.347195E+1
3.240	6.086434E+1	-1.039065E+1	1.464180E+1	7.355264E+1
3.259	6.094236E+1	-1.038538E+1	1.464180E+1	7.362390E+1
3.279	6.140179E+1	-1.038341E+1	1.464180E+1	7.368607E+1
3.299	6.128043E+1	-1.038538E+1	1.464180E+1	7.373703E+1
3.319	6.088168E+1	-1.038538E+1	1.464180E+1	7.378195E+1
3.340	6.076610E+1	-1.038538E+1	1.464180E+1	7.381863E+1
3.359	6.091924E+1	-1.038538E+1	1.464180E+1	7.384497E+1
3.379	6.123998E+1	-1.038538E+1	1.464180E+1	7.386166E+1
3.400	6.108105E+1	-1.038012E+1	1.464180E+1	7.386548E+1
3.420	6.075165E+1	-1.038538E+1	1.464180E+1	7.386414E+1
3.440	6.047715E+1	-1.039065E+1	1.464180E+1	7.385425E+1
3.460	6.068808E+1	-1.039065E+1	1.464180E+1	7.383383E+1
3.479	6.099148E+1	-1.038538E+1	1.464180E+1	7.380524E+1
3.499	6.087879E+1	-1.038538E+1	1.464180E+1	7.376593E+1
3.519	6.050893E+1	-1.038538E+1	1.464180E+1	7.372003E+1
3.539	6.020554E+1	-1.038538E+1	1.464180E+1	7.366669E+1
3.560	6.029800E+1	-1.038538E+1	1.464180E+1	7.360587E+1
3.580	6.078921E+1	-1.039592E+1	1.464180E+1	7.353839E+1
3.599	6.066785E+1	-1.039065E+1	1.464180E+1	7.345892E+1
3.619	6.027777E+1	-1.039592E+1	1.464180E+1	7.337955E+1
3.639	6.011018E+1	-1.040118E+1	1.464180E+1	7.329422E+1
3.659	6.019109E+1	-1.039921E+1	1.464180E+1	7.320306E+1
3.679	6.063896E+1	-1.040448E+1	1.464180E+1	7.311008E+1
3.699	6.057828E+1	-1.040118E+1	1.464180E+1	7.301022E+1
3.719	6.024310E+1	-1.040645E+1	1.464180E+1	7.291156E+1
3.739	5.996282E+1	-1.041172E+1	1.464180E+1	7.281393E+1
3.759	6.007551E+1	-1.041172E+1	1.464180E+1	7.271381E+1
3.779	6.049160E+1	-1.040975E+1	1.464180E+1	7.261874E+1
3.799	6.039913E+1	-1.041502E+1	1.464180E+1	7.252011E+1
3.819	5.998015E+1	-1.041172E+1	1.464180E+1	7.242548E+1
3.839	5.976344E+1	-1.041172E+1	1.464180E+1	7.233578E+1
3.859	5.984724E+1	-1.041502E+1	1.464180E+1	7.224738E+1
3.879	6.039913E+1	-1.041698E+1	1.464180E+1	7.216187E+1
3.899	6.026910E+1	-1.041698E+1	1.464180E+1	7.207767E+1
3.919	5.980967E+1	-1.041698E+1	1.464180E+1	7.200073E+1
3.939	5.963630E+1	-1.042751E+1	1.464180E+1	7.192599E+1
3.959	5.978656E+1	-1.042225E+1	1.464180E+1	7.185580E+1
3.979	6.021998E+1	-1.042225E+1	1.464180E+1	7.178760E+1
3.999	6.006106E+1	-1.042751E+1	1.464180E+1	7.171820E+1
4.019	5.973166E+1	-1.043278E+1	1.464180E+1	7.165384E+1
4.039	5.951495E+1	-1.042751E+1	1.464180E+1	7.159650E+1
4.060	5.965653E+1	-1.043278E+1	1.464180E+1	7.154001E+1
4.079	5.999749E+1	-1.043805E+1	1.464180E+1	7.148630E+1
4.099	6.000616E+1	-1.044331E+1	1.464180E+1	7.143341E+1
4.119	5.953806E+1	-1.044331E+1	1.464180E+1	7.138318E+1
4.139	5.926645E+1	-1.043805E+1	1.464180E+1	7.133737E+1
4.160	5.953517E+1	-1.043805E+1	1.464180E+1	7.129422E+1
4.180	5.998304E+1	-1.044331E+1	1.464180E+1	7.125162E+1
4.200	5.974033E+1	-1.044331E+1	1.464180E+1	7.120892E+1
4.359	5.952650E+1	-1.044858E+1	1.464180E+1	7.116852E+1
4.368	5.972299E+1	-1.045385E+1	1.464180E+1	7.084149E+1
4.377	5.967387E+1	-1.044858E+1	1.464180E+1	7.081656E+1
4.386	5.958140E+1	-1.045385E+1	1.464180E+1	7.079901E+1
4.394	5.986169E+1	-1.044858E+1	1.464180E+1	7.077567E+1
4.403	5.931557E+1	-1.044858E+1	1.464180E+1	7.075443E+1
4.412	6.012463E+1	-1.045911E+1	1.464180E+1	7.073203E+1
4.421	5.926645E+1	-1.045911E+1	1.464180E+1	7.070853E+1
4.430	6.007262E+1	-1.045385E+1	1.464180E+1	7.068707E+1
4.439	5.930979E+1	-1.044663E+1	1.464180E+1	7.066248E+1
4.448	6.000616E+1	-1.044663E+1	1.464180E+1	7.064105E+1
4.457	5.934158E+1	-1.044136E+1	1.464180E+1	7.061560E+1
4.466	5.993392E+1	-1.044858E+1	1.464180E+1	7.059540E+1
4.479	6.001483E+1	-1.044858E+1	1.464180E+1	7.056833E+1
4.500	5.985591E+1	-1.044331E+1	1.464180E+1	7.053305E+1
4.519	5.961030E+1	-1.044663E+1	1.464180E+1	7.047598E+1
4.540	5.946871E+1	-1.044663E+1	1.464180E+1	7.042355E+1
4.559	5.954095E+1	-1.044331E+1	1.464180E+1	7.036600E+1
4.580	6.002061E+1	-1.044858E+1	1.464180E+1	7.031131E+1
4.599	5.997438E+1	-1.044331E+1	1.464180E+1	7.024969E+1
4.619	5.963342E+1	-1.044331E+1	1.464180E+1	7.019040E+1
4.639	5.935602E+1	-1.044858E+1	1.464180E+1	7.013318E+1
4.660	5.962764E+1	-1.044858E+1	1.464180E+1	7.006955E+1
4.680	6.000905E+1	-1.044858E+1	1.464180E+1	7.000580E+1
4.699	5.988480E+1	-1.045385E+1	1.464180E+1	6.993756E+1
4.719	5.954095E+1	-1.045385E+1	1.464180E+1	6.987265E+1
4.740	5.936469E+1	-1.045385E+1	1.464180E+1	6.980685E+1
4.759	5.953517E+1	-1.045911E+1	1.464180E+1	6.973645E+1
4.779	5.998304E+1	-1.045911E+1	1.464180E+1	6.967026E+1
4.799	5.983279E+1	-1.045385E+1	1.464180E+1	6.959717E+1
4.819	5.956118E+1	-1.044663E+1	1.464180E+1	6.952716E+1
4.839	5.933002E+1	-1.044858E+1	1.464180E+1	6.945963E+1
4.859	5.945716E+1	-1.045385E+1	1.464180E+1	6.939014E+1
4.879	5.985880E+1	-1.045385E+1	1.464180E+1	6.932214E+1
4.899	5.979812E+1	-1.045189E+1	1.464180E+1	6.925119E+1
4.920	5.938203E+1	-1.045189E+1	1.464180E+1	6.918091E+1
4.940	5.920866E+1	-1.044858E+1	1.464180E+1	6.911124E+1
4.960	5.941959E+1	-1.045385E+1	1.464180E+1	6.904001E+1
4.980	5.977211E+1	-1.044663E+1	1.464180E+1	6.896729E+1
5.000	5.968254E+1	-1.045385E+1	1.464180E+1	6.889111E+1
