% Starttime: 2/6/2019   6:31:59 PM
%time|P01|P1|Patm|T01
0.000	-1.242483E-1	0.000000E+0	1.464180E+1	6.844937E+1
0.020	-3.005076E-1	0.000000E+0	1.464180E+1	6.845178E+1
0.040	-2.224912E-1	5.269527E-3	1.464180E+1	6.845419E+1
0.060	2.196017E-1	5.269527E-3	1.464180E+1	6.845566E+1
0.080	1.011324E-1	5.269527E-3	1.464180E+1	6.845349E+1
0.100	-2.571651E-1	-5.266368E-3	1.464180E+1	6.845334E+1
0.120	-5.923466E-1	0.000000E+0	1.464180E+1	6.845496E+1
0.140	-1.704803E-1	5.269527E-3	1.464180E+1	6.845453E+1
0.160	2.398282E-1	5.269527E-3	1.464180E+1	6.845590E+1
0.180	5.201093E-2	0.000000E+0	1.464180E+1	6.845358E+1
0.200	-2.918391E-1	1.053908E-2	1.464180E+1	6.845239E+1
0.220	-3.756345E-1	3.161722E-2	1.464180E+1	6.845294E+1
0.240	-1.444748E-1	7.377353E-2	1.464180E+1	6.845230E+1
0.260	4.160874E-1	1.159298E-1	1.464180E+1	6.845255E+1
0.280	3.871924E-1	1.370080E-1	1.464180E+1	6.844928E+1
0.300	9.246387E-2	1.159298E-1	1.464180E+1	6.844778E+1
0.320	-1.647013E-1	7.377353E-2	1.464180E+1	6.844684E+1
0.340	-3.756345E-2	2.107814E-2	1.464180E+1	6.844608E+1
0.360	3.843029E-1	-1.053280E-2	1.464180E+1	6.844598E+1
0.380	-4.623193E-1	-2.633217E-2	1.464180E+1	6.844193E+1
0.400	-1.791487E-1	-2.633217E-2	1.464180E+1	6.844003E+1
0.420	-8.957437E-2	-1.579925E-2	1.464180E+1	6.844058E+1
0.440	2.369387E-1	-1.579925E-2	1.464180E+1	6.844006E+1
0.460	8.957437E-1	-2.106571E-2	1.464180E+1	6.843958E+1
0.480	8.697383E-1	-7.373020E-2	1.464180E+1	6.843628E+1
0.500	8.263958E-1	-1.474606E-1	1.464180E+1	6.843433E+1
0.520	7.599374E-1	-2.264573E-1	1.464180E+1	6.843494E+1
0.540	1.138461E+0	-3.212534E-1	1.464180E+1	6.843460E+1
0.560	1.872393E+0	-3.844509E-1	1.464180E+1	6.843570E+1
0.580	2.051542E+0	-4.371154E-1	1.464180E+1	6.843155E+1
0.600	2.123779E+0	-4.476483E-1	1.464180E+1	6.843127E+1
0.620	2.456071E+0	-4.687141E-1	1.464180E+1	6.843256E+1
0.640	3.178445E+0	-5.740432E-1	1.464180E+1	6.843250E+1
0.660	4.218664E+0	-5.793096E-1	1.464180E+1	6.843378E+1
0.680	4.790784E+0	-6.899051E-1	1.464180E+1	6.843085E+1
0.700	5.163529E+0	-6.951715E-1	1.464180E+1	6.843179E+1
0.720	5.631627E+0	-8.268328E-1	1.464180E+1	6.843298E+1
0.740	6.492697E+0	-9.900928E-1	1.464180E+1	6.843427E+1
0.760	7.665832E+0	-1.127021E+0	1.464180E+1	6.843549E+1
0.780	8.411322E+0	-1.206017E+0	1.464180E+1	6.843262E+1
0.800	8.888089E+0	-1.353478E+0	1.464180E+1	6.843420E+1
0.820	9.416867E+0	-1.553603E+0	1.464180E+1	6.843564E+1
0.840	1.040219E+1	-1.822192E+0	1.464180E+1	6.843762E+1
0.860	1.157532E+1	-2.022317E+0	1.464180E+1	6.843994E+1
0.880	1.236993E+1	-2.301439E+0	1.464180E+1	6.843710E+1
0.900	1.282647E+1	-2.496298E+0	1.464180E+1	6.843848E+1
0.920	1.334658E+1	-2.706956E+0	1.464180E+1	6.843979E+1
0.940	1.431167E+1	-3.022943E+0	1.464180E+1	6.844162E+1
0.960	1.549637E+1	-3.333664E+0	1.464180E+1	6.844400E+1
0.980	1.619851E+1	-3.607519E+0	1.464180E+1	6.844424E+1
1.000	1.674752E+1	-3.707582E+0	1.464180E+1	6.844528E+1
1.020	1.724162E+1	-4.134165E+0	1.464180E+1	6.845105E+1
1.040	1.823561E+1	-4.676609E+0	1.464180E+1	6.845474E+1
1.060	1.936251E+1	-5.003129E+0	1.464180E+1	6.846173E+1
1.080	2.016579E+1	-5.197987E+0	1.464180E+1	6.846701E+1
1.100	2.049519E+1	-5.482376E+0	1.464180E+1	6.847482E+1
1.120	2.106154E+1	-5.824695E+0	1.464180E+1	6.848666E+1
1.140	2.194572E+1	-5.624571E+0	1.464180E+1	6.849792E+1
1.160	2.308418E+1	-5.708834E+0	1.464180E+1	6.851233E+1
1.180	2.383834E+1	-5.577172E+0	1.464180E+1	6.852417E+1
1.199	2.437290E+1	-6.235478E+0	1.464180E+1	6.854034E+1
1.220	2.479187E+1	-6.756858E+0	1.464180E+1	6.855841E+1
1.240	2.562694E+1	-7.146575E+0	1.464180E+1	6.857977E+1
1.260	2.682030E+1	-7.136042E+0	1.464180E+1	6.860110E+1
1.280	2.751667E+1	-7.446763E+0	1.464180E+1	6.862042E+1
1.300	2.789808E+1	-8.373658E+0	1.464180E+1	6.864352E+1
1.320	2.831128E+1	-9.116228E+0	1.464180E+1	6.866974E+1
1.340	2.912901E+1	-9.721869E+0	1.464180E+1	6.869867E+1
1.360	3.022991E+1	-1.020638E+1	1.464180E+1	6.873071E+1
1.380	3.101585E+1	-1.058557E+1	1.464180E+1	6.876144E+1
1.400	3.136837E+1	-1.087522E+1	1.464180E+1	6.879688E+1
1.420	3.168043E+1	-1.110168E+1	1.464180E+1	6.883768E+1
1.440	3.251261E+1	-1.126494E+1	1.464180E+1	6.887973E+1
1.460	3.362795E+1	-1.139133E+1	1.464180E+1	6.892786E+1
1.480	3.438211E+1	-1.147033E+1	1.464180E+1	6.897397E+1
1.500	3.472596E+1	-1.153880E+1	1.464180E+1	6.902576E+1
1.519	3.507270E+1	-1.157566E+1	1.464180E+1	6.908014E+1
1.540	3.589043E+1	-1.160726E+1	1.464180E+1	6.913837E+1
1.560	3.695954E+1	-1.162833E+1	1.464180E+1	6.919882E+1
1.580	3.756923E+1	-1.164412E+1	1.464180E+1	6.925711E+1
1.600	3.806622E+1	-1.164412E+1	1.464180E+1	6.931879E+1
1.620	3.832338E+1	-1.163886E+1	1.464180E+1	6.938141E+1
1.640	3.902842E+1	-1.163886E+1	1.464180E+1	6.944601E+1
1.660	4.012065E+1	-1.163359E+1	1.464180E+1	6.951080E+1
1.680	4.074478E+1	-1.162306E+1	1.464180E+1	6.957043E+1
1.700	4.097305E+1	-1.160199E+1	1.464180E+1	6.963519E+1
1.720	4.137469E+1	-1.159673E+1	1.464180E+1	6.970105E+1
1.740	4.212596E+1	-1.157039E+1	1.464180E+1	6.976660E+1
1.760	4.306216E+1	-1.155459E+1	1.464180E+1	6.983203E+1
1.779	4.377297E+1	-1.153353E+1	1.464180E+1	6.989273E+1
1.799	4.402147E+1	-1.150720E+1	1.464180E+1	6.995697E+1
1.820	4.429886E+1	-1.148613E+1	1.464180E+1	7.002246E+1
1.839	4.496056E+1	-1.145980E+1	1.464180E+1	7.008902E+1
1.860	4.596899E+1	-1.143347E+1	1.464180E+1	7.015567E+1
1.879	4.659890E+1	-1.140187E+1	1.464180E+1	7.021716E+1
1.899	4.691963E+1	-1.138080E+1	1.464180E+1	7.028085E+1
1.920	4.713057E+1	-1.135447E+1	1.464180E+1	7.034280E+1
1.940	4.781538E+1	-1.132287E+1	1.464180E+1	7.040625E+1
1.960	4.882959E+1	-1.129127E+1	1.464180E+1	7.046939E+1
1.980	4.937571E+1	-1.126494E+1	1.464180E+1	7.052649E+1
2.000	4.958375E+1	-1.123334E+1	1.464180E+1	7.058234E+1
2.020	4.985247E+1	-1.120701E+1	1.464180E+1	7.063947E+1
2.040	5.060085E+1	-1.117541E+1	1.464180E+1	7.069476E+1
2.060	5.149660E+1	-1.113854E+1	1.464180E+1	7.074759E+1
2.080	5.206294E+1	-1.111221E+1	1.464180E+1	7.079593E+1
2.100	5.221897E+1	-1.108588E+1	1.464180E+1	7.084396E+1
2.120	5.261194E+1	-1.105955E+1	1.464180E+1	7.089212E+1
2.140	5.325341E+1	-1.102268E+1	1.464180E+1	7.094022E+1
2.160	5.414337E+1	-1.099108E+1	1.464180E+1	7.098505E+1
2.180	5.464904E+1	-1.096475E+1	1.464180E+1	7.102594E+1
2.200	5.481374E+1	-1.093315E+1	1.464180E+1	7.106781E+1
2.220	5.496399E+1	-1.091209E+1	1.464180E+1	7.110889E+1
2.240	5.547254E+1	-1.088049E+1	1.464180E+1	7.114865E+1
2.260	5.642896E+1	-1.085416E+1	1.464180E+1	7.118658E+1
2.280	5.693463E+1	-1.082256E+1	1.464180E+1	7.121796E+1
2.300	5.702998E+1	-1.079623E+1	1.464180E+1	7.125235E+1
2.320	5.710222E+1	-1.078043E+1	1.464180E+1	7.128650E+1
2.340	5.754720E+1	-1.075409E+1	1.464180E+1	7.131598E+1
2.360	5.827824E+1	-1.072776E+1	1.464180E+1	7.134653E+1
2.380	5.875212E+1	-1.070143E+1	1.464180E+1	7.137173E+1
2.400	5.873478E+1	-1.067510E+1	1.464180E+1	7.139728E+1
2.420	5.871745E+1	-1.065403E+1	1.464180E+1	7.142337E+1
2.439	5.889370E+1	-1.062770E+1	1.464180E+1	7.145181E+1
2.460	5.965942E+1	-1.061190E+1	1.464180E+1	7.147913E+1
2.479	5.990503E+1	-1.059610E+1	1.464180E+1	7.150299E+1
2.499	5.986746E+1	-1.058030E+1	1.464180E+1	7.153049E+1
2.519	5.970565E+1	-1.056450E+1	1.464180E+1	7.156018E+1
2.539	5.996571E+1	-1.053817E+1	1.464180E+1	7.159189E+1
2.559	6.057250E+1	-1.052237E+1	1.464180E+1	7.162662E+1
2.579	6.078632E+1	-1.051184E+1	1.464180E+1	7.165747E+1
2.599	6.065630E+1	-1.050130E+1	1.464180E+1	7.169244E+1
2.619	6.037602E+1	-1.049077E+1	1.464180E+1	7.173026E+1
2.640	6.064474E+1	-1.047497E+1	1.464180E+1	7.177197E+1
2.659	6.106372E+1	-1.046444E+1	1.464180E+1	7.181335E+1
2.679	6.122842E+1	-1.045917E+1	1.464180E+1	7.185294E+1
2.700	6.102326E+1	-1.044337E+1	1.464180E+1	7.189514E+1
2.720	6.075743E+1	-1.043284E+1	1.464180E+1	7.194040E+1
2.739	6.094236E+1	-1.042231E+1	1.464180E+1	7.198804E+1
2.760	6.143068E+1	-1.042231E+1	1.464180E+1	7.203729E+1
2.780	6.147113E+1	-1.041177E+1	1.464180E+1	7.208487E+1
2.800	6.124286E+1	-1.040124E+1	1.464180E+1	7.213361E+1
2.820	6.088746E+1	-1.040124E+1	1.464180E+1	7.218610E+1
2.840	6.102037E+1	-1.039598E+1	1.464180E+1	7.223959E+1
2.860	6.146536E+1	-1.039071E+1	1.464180E+1	7.229630E+1
2.880	6.137000E+1	-1.038544E+1	1.464180E+1	7.234906E+1
2.900	6.117930E+1	-1.038544E+1	1.464180E+1	7.240448E+1
2.920	6.091924E+1	-1.038544E+1	1.464180E+1	7.246085E+1
2.940	6.091057E+1	-1.038018E+1	1.464180E+1	7.252036E+1
2.959	6.125442E+1	-1.037491E+1	1.464180E+1	7.257669E+1
2.980	6.128910E+1	-1.037491E+1	1.464180E+1	7.263086E+1
2.999	6.100015E+1	-1.037491E+1	1.464180E+1	7.268628E+1
3.019	6.060718E+1	-1.037491E+1	1.464180E+1	7.274036E+1
3.040	6.065919E+1	-1.036964E+1	1.464180E+1	7.279416E+1
3.060	6.103771E+1	-1.036964E+1	1.464180E+1	7.284711E+1
3.080	6.104349E+1	-1.037491E+1	1.464180E+1	7.289395E+1
3.100	6.076032E+1	-1.037491E+1	1.464180E+1	7.293988E+1
3.120	6.043092E+1	-1.038018E+1	1.464180E+1	7.298141E+1
3.140	6.045692E+1	-1.038018E+1	1.464180E+1	7.301981E+1
3.160	6.087301E+1	-1.038544E+1	1.464180E+1	7.305496E+1
3.180	6.078343E+1	-1.038018E+1	1.464180E+1	7.307996E+1
3.199	6.050893E+1	-1.038544E+1	1.464180E+1	7.310031E+1
3.220	6.016508E+1	-1.038544E+1	1.464180E+1	7.311310E+1
3.240	6.025755E+1	-1.038544E+1	1.464180E+1	7.312518E+1
3.260	6.056383E+1	-1.039071E+1	1.464180E+1	7.312445E+1
3.280	6.047715E+1	-1.040124E+1	1.464180E+1	7.311642E+1
3.300	6.017086E+1	-1.040651E+1	1.464180E+1	7.310208E+1
4.435	6.426239E+1	-1.040124E+1	1.464180E+1	7.308221E+1
4.444	6.499921E+1	-1.040124E+1	1.464180E+1	6.987674E+1
4.453	6.416992E+1	-1.040651E+1	1.464180E+1	6.985629E+1
4.462	6.504255E+1	-1.041177E+1	1.464180E+1	6.983743E+1
4.471	6.427684E+1	-1.040124E+1	1.464180E+1	6.981607E+1
4.480	6.501944E+1	-1.040651E+1	1.464180E+1	6.979739E+1
4.489	6.433463E+1	-1.040651E+1	1.464180E+1	6.977655E+1
4.497	6.495587E+1	-1.041177E+1	1.464180E+1	6.975821E+1
4.506	6.449933E+1	-1.041177E+1	1.464180E+1	6.973657E+1
4.515	6.498476E+1	-1.041177E+1	1.464180E+1	6.972171E+1
4.525	6.457734E+1	-1.040651E+1	1.464180E+1	6.969739E+1
4.534	6.489230E+1	-1.041177E+1	1.464180E+1	6.968329E+1
4.542	6.482006E+1	-1.041177E+1	1.464180E+1	6.966003E+1
4.551	6.462935E+1	-1.041177E+1	1.464180E+1	6.964380E+1
4.561	6.496454E+1	-1.040651E+1	1.464180E+1	6.962369E+1
4.570	6.427972E+1	-1.040651E+1	1.464180E+1	6.960452E+1
4.578	6.496165E+1	-1.040651E+1	1.464180E+1	6.958481E+1
4.587	6.399655E+1	-1.040651E+1	1.464180E+1	6.956580E+1
4.596	6.481139E+1	-1.040124E+1	1.464180E+1	6.954880E+1
4.605	6.390120E+1	-1.039598E+1	1.464180E+1	6.952747E+1
4.614	6.455134E+1	-1.038544E+1	1.464180E+1	6.951187E+1
4.623	6.375095E+1	-1.038018E+1	1.464180E+1	6.948929E+1
4.632	6.410635E+1	-1.038018E+1	1.464180E+1	6.947275E+1
4.641	6.369316E+1	-1.038544E+1	1.464180E+1	6.944962E+1
4.650	6.387808E+1	-1.037491E+1	1.464180E+1	6.943506E+1
4.659	6.370183E+1	-1.036438E+1	1.464180E+1	6.941171E+1
4.668	6.362959E+1	-1.035911E+1	1.464180E+1	6.939822E+1
4.676	6.360358E+1	-1.035911E+1	1.464180E+1	6.937610E+1
4.685	6.323084E+1	-1.035384E+1	1.464180E+1	6.935840E+1
4.694	6.369027E+1	-1.034858E+1	1.464180E+1	6.934000E+1
4.703	6.289855E+1	-1.034858E+1	1.464180E+1	6.932047E+1
4.712	6.352846E+1	-1.034331E+1	1.464180E+1	6.930182E+1
4.720	6.253158E+1	-1.033804E+1	1.464180E+1	6.928183E+1
4.729	6.317594E+1	-1.033278E+1	1.464180E+1	6.926462E+1
4.738	6.223974E+1	-1.033278E+1	1.464180E+1	6.924353E+1
4.747	6.292744E+1	-1.032751E+1	1.464180E+1	6.922635E+1
4.755	6.199413E+1	-1.032225E+1	1.464180E+1	6.920529E+1
4.764	6.260382E+1	-1.031171E+1	1.464180E+1	6.918890E+1
4.773	6.178031E+1	-1.030645E+1	1.464180E+1	6.916818E+1
4.782	6.242756E+1	-1.030645E+1	1.464180E+1	6.915067E+1
4.791	6.171674E+1	-1.029065E+1	1.464180E+1	6.912924E+1
4.799	6.210104E+1	-1.028538E+1	1.464180E+1	6.911411E+1
4.808	6.163873E+1	-1.028011E+1	1.464180E+1	6.909158E+1
4.817	6.179187E+1	-1.026958E+1	1.464180E+1	6.907684E+1
4.826	6.163006E+1	-1.026431E+1	1.464180E+1	6.905316E+1
4.835	6.148558E+1	-1.025905E+1	1.464180E+1	6.903955E+1
4.844	6.174275E+1	-1.025905E+1	1.464180E+1	6.901715E+1
4.852	6.107527E+1	-1.024325E+1	1.464180E+1	6.899860E+1
4.861	6.169074E+1	-1.024325E+1	1.464180E+1	6.897919E+1
4.870	6.063896E+1	-1.024325E+1	1.464180E+1	6.895981E+1
4.879	6.141623E+1	-1.024325E+1	1.464180E+1	6.894254E+1
4.888	6.048004E+1	-1.023272E+1	1.464180E+1	6.892175E+1
4.897	6.113306E+1	-1.022745E+1	1.464180E+1	6.890451E+1
4.906	6.028066E+1	-1.022218E+1	1.464180E+1	6.888290E+1
4.914	6.085278E+1	-1.022218E+1	1.464180E+1	6.886411E+1
4.923	6.009573E+1	-1.021692E+1	1.464180E+1	6.884195E+1
4.932	6.057828E+1	-1.022218E+1	1.464180E+1	6.882254E+1
4.941	6.003217E+1	-1.021165E+1	1.464180E+1	6.879868E+1
4.950	6.028644E+1	-1.021165E+1	1.464180E+1	6.878195E+1
4.959	6.000616E+1	-1.020638E+1	1.464180E+1	6.875513E+1
4.968	6.008996E+1	-1.020112E+1	1.464180E+1	6.873712E+1
4.976	6.002639E+1	-1.019585E+1	1.464180E+1	6.870990E+1
4.985	5.972877E+1	-1.018532E+1	1.464180E+1	6.869067E+1
4.994	6.000327E+1	-1.018532E+1	1.464180E+1	6.866479E+1
5.002	5.941959E+1	-1.019058E+1	1.464180E+1	6.864038E+1
