0	1	2	3	4	5	6	7	8	9	0	1	2	3	4	5	6	7	8	9	0	1	2	3	4	5	6	7	8	9	0	1	2	3	4	5	6	7	8	9	0	1	2	3	4	5	6	7	8	9	0	1	2	3	4	5	6	7	8	9	0	1	2	3	4	5	6	7	8	9
0	0	0	0	0	0	0	0	0	0	1	1	1	1	1	1	1	1	1	1	2	2	2	2	2	2	2	2	2	2	3	3	3	3	3	3	3	3	3	3	4	4	4	4	4	4	4	4	4	4	5	5	5	5	5	5	5	5	5	5	6	6	6	6	6	6	6	6	6	6
5	5	5	5	5	5	5	5	5	5	5	5	5	5	5	5	5	5	5	5	5	5	5	5	5	5	5	5	5	5	5	5	5	5	5	5	5	5	5	5	5	5	5	5	5	5	5	5	5	5	5	5	5	5	5	5	5	5	5	5	5	5	5	5	5	5	5	5	5	5
0.499598	0.499598	0.499598	0.499598	0.499598	0.499598	0.499598	0.499598	0.499598	0.499598	4.441265	4.441265	4.441265	4.441265	4.441265	4.441265	4.441265	4.441265	4.441265	4.441265	8.382932	8.382932	8.382932	8.382932	8.382932	8.382932	8.382932	8.382932	8.382932	8.382932	12.324598	12.324598	12.324598	12.324598	12.324598	12.324598	12.324598	12.324598	12.324598	12.324598	16.266265	16.266265	16.266265	16.266265	16.266265	16.266265	16.266265	16.266265	16.266265	16.266265	20.207932	20.207932	20.207932	20.207932	20.207932	20.207932	20.207932	20.207932	20.207932	20.207932	24.149598	24.149598	24.149598	24.149598	24.149598	24.149598	24.149598	24.149598	24.149598	24.149598
0.937787	0.937787	0.937787	0.937787	0.937787	0.937787	0.937787	0.937787	0.937787	0.937787	4.879454	4.879454	4.879454	4.879454	4.879454	4.879454	4.879454	4.879454	4.879454	4.879454	8.821121	8.821121	8.821121	8.821121	8.821121	8.821121	8.821121	8.821121	8.821121	8.821121	12.762787	12.762787	12.762787	12.762787	12.762787	12.762787	12.762787	12.762787	12.762787	12.762787	16.704454	16.704454	16.704454	16.704454	16.704454	16.704454	16.704454	16.704454	16.704454	16.704454	20.646121	20.646121	20.646121	20.646121	20.646121	20.646121	20.646121	20.646121	20.646121	20.646121	24.587787	24.587787	24.587787	24.587787	24.587787	24.587787	24.587787	24.587787	24.587787	24.587787
1.342906	1.342906	1.342906	1.342906	1.342906	1.342906	1.342906	1.342906	1.342906	1.342906	5.284572	5.284572	5.284572	5.284572	5.284572	5.284572	5.284572	5.284572	5.284572	5.284572	9.226239	9.226239	9.226239	9.226239	9.226239	9.226239	9.226239	9.226239	9.226239	9.226239	13.167906	13.167906	13.167906	13.167906	13.167906	13.167906	13.167906	13.167906	13.167906	13.167906	17.109572	17.109572	17.109572	17.109572	17.109572	17.109572	17.109572	17.109572	17.109572	17.109572	21.051239	21.051239	21.051239	21.051239	21.051239	21.051239	21.051239	21.051239	21.051239	21.051239	24.992906	24.992906	24.992906	24.992906	24.992906	24.992906	24.992906	24.992906	24.992906	24.992906
1.748024	1.748024	1.748024	1.748024	1.748024	1.748024	1.748024	1.748024	1.748024	1.748024	5.68969	5.68969	5.68969	5.68969	5.68969	5.68969	5.68969	5.68969	5.68969	5.68969	9.631357	9.631357	9.631357	9.631357	9.631357	9.631357	9.631357	9.631357	9.631357	9.631357	13.573024	13.573024	13.573024	13.573024	13.573024	13.573024	13.573024	13.573024	13.573024	13.573024	17.51469	17.51469	17.51469	17.51469	17.51469	17.51469	17.51469	17.51469	17.51469	17.51469	21.456357	21.456357	21.456357	21.456357	21.456357	21.456357	21.456357	21.456357	21.456357	21.456357	25.398024	25.398024	25.398024	25.398024	25.398024	25.398024	25.398024	25.398024	25.398024	25.398024
2.152748	2.152748	2.152748	2.152748	2.152748	2.152748	2.152748	2.152748	2.152748	2.152748	6.094415	6.094415	6.094415	6.094415	6.094415	6.094415	6.094415	6.094415	6.094415	6.094415	10.036081	10.036081	10.036081	10.036081	10.036081	10.036081	10.036081	10.036081	10.036081	10.036081	13.977748	13.977748	13.977748	13.977748	13.977748	13.977748	13.977748	13.977748	13.977748	13.977748	17.919415	17.919415	17.919415	17.919415	17.919415	17.919415	17.919415	17.919415	17.919415	17.919415	21.861081	21.861081	21.861081	21.861081	21.861081	21.861081	21.861081	21.861081	21.861081	21.861081	25.802748	25.802748	25.802748	25.802748	25.802748	25.802748	25.802748	25.802748	25.802748	25.802748
2.557866	2.557866	2.557866	2.557866	2.557866	2.557866	2.557866	2.557866	2.557866	2.557866	6.499533	6.499533	6.499533	6.499533	6.499533	6.499533	6.499533	6.499533	6.499533	6.499533	10.441199	10.441199	10.441199	10.441199	10.441199	10.441199	10.441199	10.441199	10.441199	10.441199	14.382866	14.382866	14.382866	14.382866	14.382866	14.382866	14.382866	14.382866	14.382866	14.382866	18.324533	18.324533	18.324533	18.324533	18.324533	18.324533	18.324533	18.324533	18.324533	18.324533	22.266199	22.266199	22.266199	22.266199	22.266199	22.266199	22.266199	22.266199	22.266199	22.266199	26.207866	26.207866	26.207866	26.207866	26.207866	26.207866	26.207866	26.207866	26.207866	26.207866
2.962984	2.962984	2.962984	2.962984	2.962984	2.962984	2.962984	2.962984	2.962984	2.962984	6.904651	6.904651	6.904651	6.904651	6.904651	6.904651	6.904651	6.904651	6.904651	6.904651	10.846318	10.846318	10.846318	10.846318	10.846318	10.846318	10.846318	10.846318	10.846318	10.846318	14.787984	14.787984	14.787984	14.787984	14.787984	14.787984	14.787984	14.787984	14.787984	14.787984	18.729651	18.729651	18.729651	18.729651	18.729651	18.729651	18.729651	18.729651	18.729651	18.729651	22.671318	22.671318	22.671318	22.671318	22.671318	22.671318	22.671318	22.671318	22.671318	22.671318	26.612984	26.612984	26.612984	26.612984	26.612984	26.612984	26.612984	26.612984	26.612984	26.612984
3.368102	3.368102	3.368102	3.368102	3.368102	3.368102	3.368102	3.368102	3.368102	3.368102	7.309769	7.309769	7.309769	7.309769	7.309769	7.309769	7.309769	7.309769	7.309769	7.309769	11.251436	11.251436	11.251436	11.251436	11.251436	11.251436	11.251436	11.251436	11.251436	11.251436	15.193102	15.193102	15.193102	15.193102	15.193102	15.193102	15.193102	15.193102	15.193102	15.193102	19.134769	19.134769	19.134769	19.134769	19.134769	19.134769	19.134769	19.134769	19.134769	19.134769	23.076436	23.076436	23.076436	23.076436	23.076436	23.076436	23.076436	23.076436	23.076436	23.076436	27.018102	27.018102	27.018102	27.018102	27.018102	27.018102	27.018102	27.018102	27.018102	27.018102
3.772827	3.772827	3.772827	3.772827	3.772827	3.772827	3.772827	3.772827	3.772827	3.772827	7.714493	7.714493	7.714493	7.714493	7.714493	7.714493	7.714493	7.714493	7.714493	7.714493	11.65616	11.65616	11.65616	11.65616	11.65616	11.65616	11.65616	11.65616	11.65616	11.65616	15.597827	15.597827	15.597827	15.597827	15.597827	15.597827	15.597827	15.597827	15.597827	15.597827	19.539493	19.539493	19.539493	19.539493	19.539493	19.539493	19.539493	19.539493	19.539493	19.539493	23.48116	23.48116	23.48116	23.48116	23.48116	23.48116	23.48116	23.48116	23.48116	23.48116	27.422827	27.422827	27.422827	27.422827	27.422827	27.422827	27.422827	27.422827	27.422827	27.422827
4.069677	4.069677	4.069677	4.069677	4.069677	4.069677	4.069677	4.069677	4.069677	4.069677	8.011344	8.011344	8.011344	8.011344	8.011344	8.011344	8.011344	8.011344	8.011344	8.011344	11.953011	11.953011	11.953011	11.953011	11.953011	11.953011	11.953011	11.953011	11.953011	11.953011	15.894677	15.894677	15.894677	15.894677	15.894677	15.894677	15.894677	15.894677	15.894677	15.894677	19.836344	19.836344	19.836344	19.836344	19.836344	19.836344	19.836344	19.836344	19.836344	19.836344	23.778011	23.778011	23.778011	23.778011	23.778011	23.778011	23.778011	23.778011	23.778011	23.778011	27.719677	27.719677	27.719677	27.719677	27.719677	27.719677	27.719677	27.719677	27.719677	27.719677
4.366528	4.366528	4.366528	4.366528	4.366528	4.366528	4.366528	4.366528	4.366528	4.366528	8.308194	8.308194	8.308194	8.308194	8.308194	8.308194	8.308194	8.308194	8.308194	8.308194	12.249861	12.249861	12.249861	12.249861	12.249861	12.249861	12.249861	12.249861	12.249861	12.249861	16.191528	16.191528	16.191528	16.191528	16.191528	16.191528	16.191528	16.191528	16.191528	16.191528	20.133194	20.133194	20.133194	20.133194	20.133194	20.133194	20.133194	20.133194	20.133194	20.133194	24.074861	24.074861	24.074861	24.074861	24.074861	24.074861	24.074861	24.074861	24.074861	24.074861	28.016528	28.016528	28.016528	28.016528	28.016528	28.016528	28.016528	28.016528	28.016528	28.016528
4.663378	4.663378	4.663378	4.663378	4.663378	4.663378	4.663378	4.663378	4.663378	4.663378	8.605045	8.605045	8.605045	8.605045	8.605045	8.605045	8.605045	8.605045	8.605045	8.605045	12.546711	12.546711	12.546711	12.546711	12.546711	12.546711	12.546711	12.546711	12.546711	12.546711	16.488378	16.488378	16.488378	16.488378	16.488378	16.488378	16.488378	16.488378	16.488378	16.488378	20.430045	20.430045	20.430045	20.430045	20.430045	20.430045	20.430045	20.430045	20.430045	20.430045	24.371711	24.371711	24.371711	24.371711	24.371711	24.371711	24.371711	24.371711	24.371711	24.371711	28.313378	28.313378	28.313378	28.313378	28.313378	28.313378	28.313378	28.313378	28.313378	28.313378
4.960622	4.960622	4.960622	4.960622	4.960622	4.960622	4.960622	4.960622	4.960622	4.960622	8.902289	8.902289	8.902289	8.902289	8.902289	8.902289	8.902289	8.902289	8.902289	8.902289	12.843955	12.843955	12.843955	12.843955	12.843955	12.843955	12.843955	12.843955	12.843955	12.843955	16.785622	16.785622	16.785622	16.785622	16.785622	16.785622	16.785622	16.785622	16.785622	16.785622	20.727289	20.727289	20.727289	20.727289	20.727289	20.727289	20.727289	20.727289	20.727289	20.727289	24.668955	24.668955	24.668955	24.668955	24.668955	24.668955	24.668955	24.668955	24.668955	24.668955	28.610622	28.610622	28.610622	28.610622	28.610622	28.610622	28.610622	28.610622	28.610622	28.610622
5.257472	5.257472	5.257472	5.257472	5.257472	5.257472	5.257472	5.257472	5.257472	5.257472	9.199139	9.199139	9.199139	9.199139	9.199139	9.199139	9.199139	9.199139	9.199139	9.199139	13.140806	13.140806	13.140806	13.140806	13.140806	13.140806	13.140806	13.140806	13.140806	13.140806	17.082472	17.082472	17.082472	17.082472	17.082472	17.082472	17.082472	17.082472	17.082472	17.082472	21.024139	21.024139	21.024139	21.024139	21.024139	21.024139	21.024139	21.024139	21.024139	21.024139	24.965806	24.965806	24.965806	24.965806	24.965806	24.965806	24.965806	24.965806	24.965806	24.965806	28.907472	28.907472	28.907472	28.907472	28.907472	28.907472	28.907472	28.907472	28.907472	28.907472
5.554323	5.554323	5.554323	5.554323	5.554323	5.554323	5.554323	5.554323	5.554323	5.554323	9.495989	9.495989	9.495989	9.495989	9.495989	9.495989	9.495989	9.495989	9.495989	9.495989	13.437656	13.437656	13.437656	13.437656	13.437656	13.437656	13.437656	13.437656	13.437656	13.437656	17.379323	17.379323	17.379323	17.379323	17.379323	17.379323	17.379323	17.379323	17.379323	17.379323	21.320989	21.320989	21.320989	21.320989	21.320989	21.320989	21.320989	21.320989	21.320989	21.320989	25.262656	25.262656	25.262656	25.262656	25.262656	25.262656	25.262656	25.262656	25.262656	25.262656	29.204323	29.204323	29.204323	29.204323	29.204323	29.204323	29.204323	29.204323	29.204323	29.204323
5.851173	5.851173	5.851173	5.851173	5.851173	5.851173	5.851173	5.851173	5.851173	5.851173	9.79284	9.79284	9.79284	9.79284	9.79284	9.79284	9.79284	9.79284	9.79284	9.79284	13.734507	13.734507	13.734507	13.734507	13.734507	13.734507	13.734507	13.734507	13.734507	13.734507	17.676173	17.676173	17.676173	17.676173	17.676173	17.676173	17.676173	17.676173	17.676173	17.676173	21.61784	21.61784	21.61784	21.61784	21.61784	21.61784	21.61784	21.61784	21.61784	21.61784	25.559507	25.559507	25.559507	25.559507	25.559507	25.559507	25.559507	25.559507	25.559507	25.559507	29.501173	29.501173	29.501173	29.501173	29.501173	29.501173	29.501173	29.501173	29.501173	29.501173
6.148024	6.148024	6.148024	6.148024	6.148024	6.148024	6.148024	6.148024	6.148024	6.148024	10.08969	10.08969	10.08969	10.08969	10.08969	10.08969	10.08969	10.08969	10.08969	10.08969	14.031357	14.031357	14.031357	14.031357	14.031357	14.031357	14.031357	14.031357	14.031357	14.031357	17.973024	17.973024	17.973024	17.973024	17.973024	17.973024	17.973024	17.973024	17.973024	17.973024	21.91469	21.91469	21.91469	21.91469	21.91469	21.91469	21.91469	21.91469	21.91469	21.91469	25.856357	25.856357	25.856357	25.856357	25.856357	25.856357	25.856357	25.856357	25.856357	25.856357	29.798024	29.798024	29.798024	29.798024	29.798024	29.798024	29.798024	29.798024	29.798024	29.798024
6.444874	6.444874	6.444874	6.444874	6.444874	6.444874	6.444874	6.444874	6.444874	6.444874	10.386541	10.386541	10.386541	10.386541	10.386541	10.386541	10.386541	10.386541	10.386541	10.386541	14.328207	14.328207	14.328207	14.328207	14.328207	14.328207	14.328207	14.328207	14.328207	14.328207	18.269874	18.269874	18.269874	18.269874	18.269874	18.269874	18.269874	18.269874	18.269874	18.269874	22.211541	22.211541	22.211541	22.211541	22.211541	22.211541	22.211541	22.211541	22.211541	22.211541	26.153207	26.153207	26.153207	26.153207	26.153207	26.153207	26.153207	26.153207	26.153207	26.153207	30.094874	30.094874	30.094874	30.094874	30.094874	30.094874	30.094874	30.094874	30.094874	30.094874
6.741724	6.741724	6.741724	6.741724	6.741724	6.741724	6.741724	6.741724	6.741724	6.741724	10.683391	10.683391	10.683391	10.683391	10.683391	10.683391	10.683391	10.683391	10.683391	10.683391	14.625058	14.625058	14.625058	14.625058	14.625058	14.625058	14.625058	14.625058	14.625058	14.625058	18.566724	18.566724	18.566724	18.566724	18.566724	18.566724	18.566724	18.566724	18.566724	18.566724	22.508391	22.508391	22.508391	22.508391	22.508391	22.508391	22.508391	22.508391	22.508391	22.508391	26.450058	26.450058	26.450058	26.450058	26.450058	26.450058	26.450058	26.450058	26.450058	26.450058	30.391724	30.391724	30.391724	30.391724	30.391724	30.391724	30.391724	30.391724	30.391724	30.391724
7.038575	7.038575	7.038575	7.038575	7.038575	7.038575	7.038575	7.038575	7.038575	7.038575	10.980241	10.980241	10.980241	10.980241	10.980241	10.980241	10.980241	10.980241	10.980241	10.980241	14.921908	14.921908	14.921908	14.921908	14.921908	14.921908	14.921908	14.921908	14.921908	14.921908	18.863575	18.863575	18.863575	18.863575	18.863575	18.863575	18.863575	18.863575	18.863575	18.863575	22.805241	22.805241	22.805241	22.805241	22.805241	22.805241	22.805241	22.805241	22.805241	22.805241	26.746908	26.746908	26.746908	26.746908	26.746908	26.746908	26.746908	26.746908	26.746908	26.746908	30.688575	30.688575	30.688575	30.688575	30.688575	30.688575	30.688575	30.688575	30.688575	30.688575
7.335425	7.335425	7.335425	7.335425	7.335425	7.335425	7.335425	7.335425	7.335425	7.335425	11.277092	11.277092	11.277092	11.277092	11.277092	11.277092	11.277092	11.277092	11.277092	11.277092	15.218759	15.218759	15.218759	15.218759	15.218759	15.218759	15.218759	15.218759	15.218759	15.218759	19.160425	19.160425	19.160425	19.160425	19.160425	19.160425	19.160425	19.160425	19.160425	19.160425	23.102092	23.102092	23.102092	23.102092	23.102092	23.102092	23.102092	23.102092	23.102092	23.102092	27.043759	27.043759	27.043759	27.043759	27.043759	27.043759	27.043759	27.043759	27.043759	27.043759	30.985425	30.985425	30.985425	30.985425	30.985425	30.985425	30.985425	30.985425	30.985425	30.985425
7.632276	7.632276	7.632276	7.632276	7.632276	7.632276	7.632276	7.632276	7.632276	7.632276	11.573942	11.573942	11.573942	11.573942	11.573942	11.573942	11.573942	11.573942	11.573942	11.573942	15.515609	15.515609	15.515609	15.515609	15.515609	15.515609	15.515609	15.515609	15.515609	15.515609	19.457276	19.457276	19.457276	19.457276	19.457276	19.457276	19.457276	19.457276	19.457276	19.457276	23.398942	23.398942	23.398942	23.398942	23.398942	23.398942	23.398942	23.398942	23.398942	23.398942	27.340609	27.340609	27.340609	27.340609	27.340609	27.340609	27.340609	27.340609	27.340609	27.340609	31.282276	31.282276	31.282276	31.282276	31.282276	31.282276	31.282276	31.282276	31.282276	31.282276
7.929126	7.929126	7.929126	7.929126	7.929126	7.929126	7.929126	7.929126	7.929126	7.929126	11.870793	11.870793	11.870793	11.870793	11.870793	11.870793	11.870793	11.870793	11.870793	11.870793	15.812459	15.812459	15.812459	15.812459	15.812459	15.812459	15.812459	15.812459	15.812459	15.812459	19.754126	19.754126	19.754126	19.754126	19.754126	19.754126	19.754126	19.754126	19.754126	19.754126	23.695793	23.695793	23.695793	23.695793	23.695793	23.695793	23.695793	23.695793	23.695793	23.695793	27.637459	27.637459	27.637459	27.637459	27.637459	27.637459	27.637459	27.637459	27.637459	27.637459	31.579126	31.579126	31.579126	31.579126	31.579126	31.579126	31.579126	31.579126	31.579126	31.579126
8.225976	8.225976	8.225976	8.225976	8.225976	8.225976	8.225976	8.225976	8.225976	8.225976	12.167643	12.167643	12.167643	12.167643	12.167643	12.167643	12.167643	12.167643	12.167643	12.167643	16.10931	16.10931	16.10931	16.10931	16.10931	16.10931	16.10931	16.10931	16.10931	16.10931	20.050976	20.050976	20.050976	20.050976	20.050976	20.050976	20.050976	20.050976	20.050976	20.050976	23.992643	23.992643	23.992643	23.992643	23.992643	23.992643	23.992643	23.992643	23.992643	23.992643	27.93431	27.93431	27.93431	27.93431	27.93431	27.93431	27.93431	27.93431	27.93431	27.93431	31.875976	31.875976	31.875976	31.875976	31.875976	31.875976	31.875976	31.875976	31.875976	31.875976
8.522827	8.522827	8.522827	8.522827	8.522827	8.522827	8.522827	8.522827	8.522827	8.522827	12.464493	12.464493	12.464493	12.464493	12.464493	12.464493	12.464493	12.464493	12.464493	12.464493	16.40616	16.40616	16.40616	16.40616	16.40616	16.40616	16.40616	16.40616	16.40616	16.40616	20.347827	20.347827	20.347827	20.347827	20.347827	20.347827	20.347827	20.347827	20.347827	20.347827	24.289493	24.289493	24.289493	24.289493	24.289493	24.289493	24.289493	24.289493	24.289493	24.289493	28.23116	28.23116	28.23116	28.23116	28.23116	28.23116	28.23116	28.23116	28.23116	28.23116	32.172827	32.172827	32.172827	32.172827	32.172827	32.172827	32.172827	32.172827	32.172827	32.172827
8.819677	8.819677	8.819677	8.819677	8.819677	8.819677	8.819677	8.819677	8.819677	8.819677	12.761344	12.761344	12.761344	12.761344	12.761344	12.761344	12.761344	12.761344	12.761344	12.761344	16.703011	16.703011	16.703011	16.703011	16.703011	16.703011	16.703011	16.703011	16.703011	16.703011	20.644677	20.644677	20.644677	20.644677	20.644677	20.644677	20.644677	20.644677	20.644677	20.644677	24.586344	24.586344	24.586344	24.586344	24.586344	24.586344	24.586344	24.586344	24.586344	24.586344	28.528011	28.528011	28.528011	28.528011	28.528011	28.528011	28.528011	28.528011	28.528011	28.528011	32.469677	32.469677	32.469677	32.469677	32.469677	32.469677	32.469677	32.469677	32.469677	32.469677
9.116528	9.116528	9.116528	9.116528	9.116528	9.116528	9.116528	9.116528	9.116528	9.116528	13.058194	13.058194	13.058194	13.058194	13.058194	13.058194	13.058194	13.058194	13.058194	13.058194	16.999861	16.999861	16.999861	16.999861	16.999861	16.999861	16.999861	16.999861	16.999861	16.999861	20.941528	20.941528	20.941528	20.941528	20.941528	20.941528	20.941528	20.941528	20.941528	20.941528	24.883194	24.883194	24.883194	24.883194	24.883194	24.883194	24.883194	24.883194	24.883194	24.883194	28.824861	28.824861	28.824861	28.824861	28.824861	28.824861	28.824861	28.824861	28.824861	28.824861	32.766528	32.766528	32.766528	32.766528	32.766528	32.766528	32.766528	32.766528	32.766528	32.766528
9.413378	9.413378	9.413378	9.413378	9.413378	9.413378	9.413378	9.413378	9.413378	9.413378	13.355045	13.355045	13.355045	13.355045	13.355045	13.355045	13.355045	13.355045	13.355045	13.355045	17.296711	17.296711	17.296711	17.296711	17.296711	17.296711	17.296711	17.296711	17.296711	17.296711	21.238378	21.238378	21.238378	21.238378	21.238378	21.238378	21.238378	21.238378	21.238378	21.238378	25.180045	25.180045	25.180045	25.180045	25.180045	25.180045	25.180045	25.180045	25.180045	25.180045	29.121711	29.121711	29.121711	29.121711	29.121711	29.121711	29.121711	29.121711	29.121711	29.121711	33.063378	33.063378	33.063378	33.063378	33.063378	33.063378	33.063378	33.063378	33.063378	33.063378
9.710622	9.710622	9.710622	9.710622	9.710622	9.710622	9.710622	9.710622	9.710622	9.710622	13.652289	13.652289	13.652289	13.652289	13.652289	13.652289	13.652289	13.652289	13.652289	13.652289	17.593955	17.593955	17.593955	17.593955	17.593955	17.593955	17.593955	17.593955	17.593955	17.593955	21.535622	21.535622	21.535622	21.535622	21.535622	21.535622	21.535622	21.535622	21.535622	21.535622	25.477289	25.477289	25.477289	25.477289	25.477289	25.477289	25.477289	25.477289	25.477289	25.477289	29.418955	29.418955	29.418955	29.418955	29.418955	29.418955	29.418955	29.418955	29.418955	29.418955	33.360622	33.360622	33.360622	33.360622	33.360622	33.360622	33.360622	33.360622	33.360622	33.360622
10.007472	10.007472	10.007472	10.007472	10.007472	10.007472	10.007472	10.007472	10.007472	10.007472	13.949139	13.949139	13.949139	13.949139	13.949139	13.949139	13.949139	13.949139	13.949139	13.949139	17.890806	17.890806	17.890806	17.890806	17.890806	17.890806	17.890806	17.890806	17.890806	17.890806	21.832472	21.832472	21.832472	21.832472	21.832472	21.832472	21.832472	21.832472	21.832472	21.832472	25.774139	25.774139	25.774139	25.774139	25.774139	25.774139	25.774139	25.774139	25.774139	25.774139	29.715806	29.715806	29.715806	29.715806	29.715806	29.715806	29.715806	29.715806	29.715806	29.715806	33.657472	33.657472	33.657472	33.657472	33.657472	33.657472	33.657472	33.657472	33.657472	33.657472
10.304323	10.304323	10.304323	10.304323	10.304323	10.304323	10.304323	10.304323	10.304323	10.304323	14.245989	14.245989	14.245989	14.245989	14.245989	14.245989	14.245989	14.245989	14.245989	14.245989	18.187656	18.187656	18.187656	18.187656	18.187656	18.187656	18.187656	18.187656	18.187656	18.187656	22.129323	22.129323	22.129323	22.129323	22.129323	22.129323	22.129323	22.129323	22.129323	22.129323	26.070989	26.070989	26.070989	26.070989	26.070989	26.070989	26.070989	26.070989	26.070989	26.070989	30.012656	30.012656	30.012656	30.012656	30.012656	30.012656	30.012656	30.012656	30.012656	30.012656	33.954323	33.954323	33.954323	33.954323	33.954323	33.954323	33.954323	33.954323	33.954323	33.954323
10.601173	10.601173	10.601173	10.601173	10.601173	10.601173	10.601173	10.601173	10.601173	10.601173	14.54284	14.54284	14.54284	14.54284	14.54284	14.54284	14.54284	14.54284	14.54284	14.54284	18.484507	18.484507	18.484507	18.484507	18.484507	18.484507	18.484507	18.484507	18.484507	18.484507	22.426173	22.426173	22.426173	22.426173	22.426173	22.426173	22.426173	22.426173	22.426173	22.426173	26.36784	26.36784	26.36784	26.36784	26.36784	26.36784	26.36784	26.36784	26.36784	26.36784	30.309507	30.309507	30.309507	30.309507	30.309507	30.309507	30.309507	30.309507	30.309507	30.309507	34.251173	34.251173	34.251173	34.251173	34.251173	34.251173	34.251173	34.251173	34.251173	34.251173
11.005898	11.005898	11.005898	11.005898	11.005898	11.005898	11.005898	11.005898	11.005898	11.005898	14.947564	14.947564	14.947564	14.947564	14.947564	14.947564	14.947564	14.947564	14.947564	14.947564	18.889231	18.889231	18.889231	18.889231	18.889231	18.889231	18.889231	18.889231	18.889231	18.889231	22.830898	22.830898	22.830898	22.830898	22.830898	22.830898	22.830898	22.830898	22.830898	22.830898	26.772564	26.772564	26.772564	26.772564	26.772564	26.772564	26.772564	26.772564	26.772564	26.772564	30.714231	30.714231	30.714231	30.714231	30.714231	30.714231	30.714231	30.714231	30.714231	30.714231	34.655898	34.655898	34.655898	34.655898	34.655898	34.655898	34.655898	34.655898	34.655898	34.655898
11.411016	11.411016	11.411016	11.411016	11.411016	11.411016	11.411016	11.411016	11.411016	11.411016	15.352682	15.352682	15.352682	15.352682	15.352682	15.352682	15.352682	15.352682	15.352682	15.352682	19.294349	19.294349	19.294349	19.294349	19.294349	19.294349	19.294349	19.294349	19.294349	19.294349	23.236016	23.236016	23.236016	23.236016	23.236016	23.236016	23.236016	23.236016	23.236016	23.236016	27.177682	27.177682	27.177682	27.177682	27.177682	27.177682	27.177682	27.177682	27.177682	27.177682	31.119349	31.119349	31.119349	31.119349	31.119349	31.119349	31.119349	31.119349	31.119349	31.119349	35.061016	35.061016	35.061016	35.061016	35.061016	35.061016	35.061016	35.061016	35.061016	35.061016
11.816134	11.816134	11.816134	11.816134	11.816134	11.816134	11.816134	11.816134	11.816134	11.816134	15.757801	15.757801	15.757801	15.757801	15.757801	15.757801	15.757801	15.757801	15.757801	15.757801	19.699467	19.699467	19.699467	19.699467	19.699467	19.699467	19.699467	19.699467	19.699467	19.699467	23.641134	23.641134	23.641134	23.641134	23.641134	23.641134	23.641134	23.641134	23.641134	23.641134	27.582801	27.582801	27.582801	27.582801	27.582801	27.582801	27.582801	27.582801	27.582801	27.582801	31.524467	31.524467	31.524467	31.524467	31.524467	31.524467	31.524467	31.524467	31.524467	31.524467	35.466134	35.466134	35.466134	35.466134	35.466134	35.466134	35.466134	35.466134	35.466134	35.466134
12.221252	12.221252	12.221252	12.221252	12.221252	12.221252	12.221252	12.221252	12.221252	12.221252	16.162919	16.162919	16.162919	16.162919	16.162919	16.162919	16.162919	16.162919	16.162919	16.162919	20.104585	20.104585	20.104585	20.104585	20.104585	20.104585	20.104585	20.104585	20.104585	20.104585	24.046252	24.046252	24.046252	24.046252	24.046252	24.046252	24.046252	24.046252	24.046252	24.046252	27.987919	27.987919	27.987919	27.987919	27.987919	27.987919	27.987919	27.987919	27.987919	27.987919	31.929585	31.929585	31.929585	31.929585	31.929585	31.929585	31.929585	31.929585	31.929585	31.929585	35.871252	35.871252	35.871252	35.871252	35.871252	35.871252	35.871252	35.871252	35.871252	35.871252
12.625976	12.625976	12.625976	12.625976	12.625976	12.625976	12.625976	12.625976	12.625976	12.625976	16.567643	16.567643	16.567643	16.567643	16.567643	16.567643	16.567643	16.567643	16.567643	16.567643	20.50931	20.50931	20.50931	20.50931	20.50931	20.50931	20.50931	20.50931	20.50931	20.50931	24.450976	24.450976	24.450976	24.450976	24.450976	24.450976	24.450976	24.450976	24.450976	24.450976	28.392643	28.392643	28.392643	28.392643	28.392643	28.392643	28.392643	28.392643	28.392643	28.392643	32.33431	32.33431	32.33431	32.33431	32.33431	32.33431	32.33431	32.33431	32.33431	32.33431	36.275976	36.275976	36.275976	36.275976	36.275976	36.275976	36.275976	36.275976	36.275976	36.275976
13.031094	13.031094	13.031094	13.031094	13.031094	13.031094	13.031094	13.031094	13.031094	13.031094	16.972761	16.972761	16.972761	16.972761	16.972761	16.972761	16.972761	16.972761	16.972761	16.972761	20.914428	20.914428	20.914428	20.914428	20.914428	20.914428	20.914428	20.914428	20.914428	20.914428	24.856094	24.856094	24.856094	24.856094	24.856094	24.856094	24.856094	24.856094	24.856094	24.856094	28.797761	28.797761	28.797761	28.797761	28.797761	28.797761	28.797761	28.797761	28.797761	28.797761	32.739428	32.739428	32.739428	32.739428	32.739428	32.739428	32.739428	32.739428	32.739428	32.739428	36.681094	36.681094	36.681094	36.681094	36.681094	36.681094	36.681094	36.681094	36.681094	36.681094
13.436213	13.436213	13.436213	13.436213	13.436213	13.436213	13.436213	13.436213	13.436213	13.436213	17.377879	17.377879	17.377879	17.377879	17.377879	17.377879	17.377879	17.377879	17.377879	17.377879	21.319546	21.319546	21.319546	21.319546	21.319546	21.319546	21.319546	21.319546	21.319546	21.319546	25.261213	25.261213	25.261213	25.261213	25.261213	25.261213	25.261213	25.261213	25.261213	25.261213	29.202879	29.202879	29.202879	29.202879	29.202879	29.202879	29.202879	29.202879	29.202879	29.202879	33.144546	33.144546	33.144546	33.144546	33.144546	33.144546	33.144546	33.144546	33.144546	33.144546	37.086213	37.086213	37.086213	37.086213	37.086213	37.086213	37.086213	37.086213	37.086213	37.086213
13.874402	13.874402	13.874402	13.874402	13.874402	13.874402	13.874402	13.874402	13.874402	13.874402	17.816068	17.816068	17.816068	17.816068	17.816068	17.816068	17.816068	17.816068	17.816068	17.816068	21.757735	21.757735	21.757735	21.757735	21.757735	21.757735	21.757735	21.757735	21.757735	21.757735	25.699402	25.699402	25.699402	25.699402	25.699402	25.699402	25.699402	25.699402	25.699402	25.699402	29.641068	29.641068	29.641068	29.641068	29.641068	29.641068	29.641068	29.641068	29.641068	29.641068	33.582735	33.582735	33.582735	33.582735	33.582735	33.582735	33.582735	33.582735	33.582735	33.582735	37.524402	37.524402	37.524402	37.524402	37.524402	37.524402	37.524402	37.524402	37.524402	37.524402
8.125	8.125	8.125	8.125	8.125	8.125	8.125	8.125	8.125	8.125	8.125	8.125	8.125	8.125	8.125	8.125	8.125	8.125	8.125	8.125	8.125	8.125	8.125	8.125	8.125	8.125	8.125	8.125	8.125	8.125	8.125	8.125	8.125	8.125	8.125	8.125	8.125	8.125	8.125	8.125	8.125	8.125	8.125	8.125	8.125	8.125	8.125	8.125	8.125	8.125	8.125	8.125	8.125	8.125	8.125	8.125	8.125	8.125	8.125	8.125	8.125	8.125	8.125	8.125	8.125	8.125	8.125	8.125	8.125	8.125
8.125	8.125	8.125	8.125	8.125	8.125	8.125	8.125	8.125	8.125	8.125	8.125	8.125	8.125	8.125	8.125	8.125	8.125	8.125	8.125	8.125	8.125	8.125	8.125	8.125	8.125	8.125	8.125	8.125	8.125	8.125	8.125	8.125	8.125	8.125	8.125	8.125	8.125	8.125	8.125	8.125	8.125	8.125	8.125	8.125	8.125	8.125	8.125	8.125	8.125	8.125	8.125	8.125	8.125	8.125	8.125	8.125	8.125	8.125	8.125	8.125	8.125	8.125	8.125	8.125	8.125	8.125	8.125	8.125	8.125
8.125	8.125	8.125	8.125	8.125	8.125	8.125	8.125	8.125	8.125	8.125	8.125	8.125	8.125	8.125	8.125	8.125	8.125	8.125	8.125	8.125	8.125	8.125	8.125	8.125	8.125	8.125	8.125	8.125	8.125	8.125	8.125	8.125	8.125	8.125	8.125	8.125	8.125	8.125	8.125	8.125	8.125	8.125	8.125	8.125	8.125	8.125	8.125	8.125	8.125	8.125	8.125	8.125	8.125	8.125	8.125	8.125	8.125	8.125	8.125	8.125	8.125	8.125	8.125	8.125	8.125	8.125	8.125	8.125	8.125
8.125	8.125	8.125	8.125	8.125	8.125	8.125	8.125	8.125	8.125	8.125	8.125	8.125	8.125	8.125	8.125	8.125	8.125	8.125	8.125	8.125	8.125	8.125	8.125	8.125	8.125	8.125	8.125	8.125	8.125	8.125	8.125	8.125	8.125	8.125	8.125	8.125	8.125	8.125	8.125	8.125	8.125	8.125	8.125	8.125	8.125	8.125	8.125	8.125	8.125	8.125	8.125	8.125	8.125	8.125	8.125	8.125	8.125	8.125	8.125	8.125	8.125	8.125	8.125	8.125	8.125	8.125	8.125	8.125	8.125
8.125	8.125	8.125	8.125	8.125	8.125	8.125	8.125	8.125	8.125	8.125	8.125	8.125	8.125	8.125	8.125	8.125	8.125	8.125	8.125	8.125	8.125	8.125	8.125	8.125	8.125	8.125	8.125	8.125	8.125	8.125	8.125	8.125	8.125	8.125	8.125	8.125	8.125	8.125	8.125	8.125	8.125	8.125	8.125	8.125	8.125	8.125	8.125	8.125	8.125	8.125	8.125	8.125	8.125	8.125	8.125	8.125	8.125	8.125	8.125	8.125	8.125	8.125	8.125	8.125	8.125	8.125	8.125	8.125	8.125
8.125	8.125	8.125	8.125	8.125	8.125	8.125	8.125	8.125	8.125	8.125	8.125	8.125	8.125	8.125	8.125	8.125	8.125	8.125	8.125	8.125	8.125	8.125	8.125	8.125	8.125	8.125	8.125	8.125	8.125	8.125	8.125	8.125	8.125	8.125	8.125	8.125	8.125	8.125	8.125	8.125	8.125	8.125	8.125	8.125	8.125	8.125	8.125	8.125	8.125	8.125	8.125	8.125	8.125	8.125	8.125	8.125	8.125	8.125	8.125	8.125	8.125	8.125	8.125	8.125	8.125	8.125	8.125	8.125	8.125
8.125	8.125	8.125	8.125	8.125	8.125	8.125	8.125	8.125	8.125	8.125	8.125	8.125	8.125	8.125	8.125	8.125	8.125	8.125	8.125	8.125	8.125	8.125	8.125	8.125	8.125	8.125	8.125	8.125	8.125	8.125	8.125	8.125	8.125	8.125	8.125	8.125	8.125	8.125	8.125	8.125	8.125	8.125	8.125	8.125	8.125	8.125	8.125	8.125	8.125	8.125	8.125	8.125	8.125	8.125	8.125	8.125	8.125	8.125	8.125	8.125	8.125	8.125	8.125	8.125	8.125	8.125	8.125	8.125	8.125
8.125	8.125	8.125	8.125	8.125	8.125	8.125	8.125	8.125	8.125	8.125	8.125	8.125	8.125	8.125	8.125	8.125	8.125	8.125	8.125	8.125	8.125	8.125	8.125	8.125	8.125	8.125	8.125	8.125	8.125	8.125	8.125	8.125	8.125	8.125	8.125	8.125	8.125	8.125	8.125	8.125	8.125	8.125	8.125	8.125	8.125	8.125	8.125	8.125	8.125	8.125	8.125	8.125	8.125	8.125	8.125	8.125	8.125	8.125	8.125	8.125	8.125	8.125	8.125	8.125	8.125	8.125	8.125	8.125	8.125
8.125	8.125	8.125	8.125	8.125	8.125	8.125	8.125	8.125	8.125	8.125	8.125	8.125	8.125	8.125	8.125	8.125	8.125	8.125	8.125	8.125	8.125	8.125	8.125	8.125	8.125	8.125	8.125	8.125	8.125	8.125	8.125	8.125	8.125	8.125	8.125	8.125	8.125	8.125	8.125	8.125	8.125	8.125	8.125	8.125	8.125	8.125	8.125	8.125	8.125	8.125	8.125	8.125	8.125	8.125	8.125	8.125	8.125	8.125	8.125	8.125	8.125	8.125	8.125	8.125	8.125	8.125	8.125	8.125	8.125
8.125	8.125	8.125	8.125	8.125	8.125	8.125	8.125	8.125	8.125	8.125	8.125	8.125	8.125	8.125	8.125	8.125	8.125	8.125	8.125	8.125	8.125	8.125	8.125	8.125	8.125	8.125	8.125	8.125	8.125	8.125	8.125	8.125	8.125	8.125	8.125	8.125	8.125	8.125	8.125	8.125	8.125	8.125	8.125	8.125	8.125	8.125	8.125	8.125	8.125	8.125	8.125	8.125	8.125	8.125	8.125	8.125	8.125	8.125	8.125	8.125	8.125	8.125	8.125	8.125	8.125	8.125	8.125	8.125	8.125
8.125	8.125	8.125	8.125	8.125	8.125	8.125	8.125	8.125	8.125	8.125	8.125	8.125	8.125	8.125	8.125	8.125	8.125	8.125	8.125	8.125	8.125	8.125	8.125	8.125	8.125	8.125	8.125	8.125	8.125	8.125	8.125	8.125	8.125	8.125	8.125	8.125	8.125	8.125	8.125	8.125	8.125	8.125	8.125	8.125	8.125	8.125	8.125	8.125	8.125	8.125	8.125	8.125	8.125	8.125	8.125	8.125	8.125	8.125	8.125	8.125	8.125	8.125	8.125	8.125	8.125	8.125	8.125	8.125	8.125
8.125	8.125	8.125	8.125	8.125	8.125	8.125	8.125	8.125	8.125	8.125	8.125	8.125	8.125	8.125	8.125	8.125	8.125	8.125	8.125	8.125	8.125	8.125	8.125	8.125	8.125	8.125	8.125	8.125	8.125	8.125	8.125	8.125	8.125	8.125	8.125	8.125	8.125	8.125	8.125	8.125	8.125	8.125	8.125	8.125	8.125	8.125	8.125	8.125	8.125	8.125	8.125	8.125	8.125	8.125	8.125	8.125	8.125	8.125	8.125	8.125	8.125	8.125	8.125	8.125	8.125	8.125	8.125	8.125	8.125
8.125	8.125	8.125	8.125	8.125	8.125	8.125	8.125	8.125	8.125	8.125	8.125	8.125	8.125	8.125	8.125	8.125	8.125	8.125	8.125	8.125	8.125	8.125	8.125	8.125	8.125	8.125	8.125	8.125	8.125	8.125	8.125	8.125	8.125	8.125	8.125	8.125	8.125	8.125	8.125	8.125	8.125	8.125	8.125	8.125	8.125	8.125	8.125	8.125	8.125	8.125	8.125	8.125	8.125	8.125	8.125	8.125	8.125	8.125	8.125	8.125	8.125	8.125	8.125	8.125	8.125	8.125	8.125	8.125	8.125
8.125	8.125	8.125	8.125	8.125	8.125	8.125	8.125	8.125	8.125	8.125	8.125	8.125	8.125	8.125	8.125	8.125	8.125	8.125	8.125	8.125	8.125	8.125	8.125	8.125	8.125	8.125	8.125	8.125	8.125	8.125	8.125	8.125	8.125	8.125	8.125	8.125	8.125	8.125	8.125	8.125	8.125	8.125	8.125	8.125	8.125	8.125	8.125	8.125	8.125	8.125	8.125	8.125	8.125	8.125	8.125	8.125	8.125	8.125	8.125	8.125	8.125	8.125	8.125	8.125	8.125	8.125	8.125	8.125	8.125
8.125	8.125	8.125	8.125	8.125	8.125	8.125	8.125	8.125	8.125	8.125	8.125	8.125	8.125	8.125	8.125	8.125	8.125	8.125	8.125	8.125	8.125	8.125	8.125	8.125	8.125	8.125	8.125	8.125	8.125	8.125	8.125	8.125	8.125	8.125	8.125	8.125	8.125	8.125	8.125	8.125	8.125	8.125	8.125	8.125	8.125	8.125	8.125	8.125	8.125	8.125	8.125	8.125	8.125	8.125	8.125	8.125	8.125	8.125	8.125	8.125	8.125	8.125	8.125	8.125	8.125	8.125	8.125	8.125	8.125
8.125	8.125	8.125	8.125	8.125	8.125	8.125	8.125	8.125	8.125	8.125	8.125	8.125	8.125	8.125	8.125	8.125	8.125	8.125	8.125	8.125	8.125	8.125	8.125	8.125	8.125	8.125	8.125	8.125	8.125	8.125	8.125	8.125	8.125	8.125	8.125	8.125	8.125	8.125	8.125	8.125	8.125	8.125	8.125	8.125	8.125	8.125	8.125	8.125	8.125	8.125	8.125	8.125	8.125	8.125	8.125	8.125	8.125	8.125	8.125	8.125	8.125	8.125	8.125	8.125	8.125	8.125	8.125	8.125	8.125
8.125	8.125	8.125	8.125	8.125	8.125	8.125	8.125	8.125	8.125	8.125	8.125	8.125	8.125	8.125	8.125	8.125	8.125	8.125	8.125	8.125	8.125	8.125	8.125	8.125	8.125	8.125	8.125	8.125	8.125	8.125	8.125	8.125	8.125	8.125	8.125	8.125	8.125	8.125	8.125	8.125	8.125	8.125	8.125	8.125	8.125	8.125	8.125	8.125	8.125	8.125	8.125	8.125	8.125	8.125	8.125	8.125	8.125	8.125	8.125	8.125	8.125	8.125	8.125	8.125	8.125	8.125	8.125	8.125	8.125
8.125	8.125	8.125	8.125	8.125	8.125	8.125	8.125	8.125	8.125	8.125	8.125	8.125	8.125	8.125	8.125	8.125	8.125	8.125	8.125	8.125	8.125	8.125	8.125	8.125	8.125	8.125	8.125	8.125	8.125	8.125	8.125	8.125	8.125	8.125	8.125	8.125	8.125	8.125	8.125	8.125	8.125	8.125	8.125	8.125	8.125	8.125	8.125	8.125	8.125	8.125	8.125	8.125	8.125	8.125	8.125	8.125	8.125	8.125	8.125	8.125	8.125	8.125	8.125	8.125	8.125	8.125	8.125	8.125	8.125
8.125	8.125	8.125	8.125	8.125	8.125	8.125	8.125	8.125	8.125	8.125	8.125	8.125	8.125	8.125	8.125	8.125	8.125	8.125	8.125	8.125	8.125	8.125	8.125	8.125	8.125	8.125	8.125	8.125	8.125	8.125	8.125	8.125	8.125	8.125	8.125	8.125	8.125	8.125	8.125	8.125	8.125	8.125	8.125	8.125	8.125	8.125	8.125	8.125	8.125	8.125	8.125	8.125	8.125	8.125	8.125	8.125	8.125	8.125	8.125	8.125	8.125	8.125	8.125	8.125	8.125	8.125	8.125	8.125	8.125
8.125	8.125	8.125	8.125	8.125	8.125	8.125	8.125	8.125	8.125	8.125	8.125	8.125	8.125	8.125	8.125	8.125	8.125	8.125	8.125	8.125	8.125	8.125	8.125	8.125	8.125	8.125	8.125	8.125	8.125	8.125	8.125	8.125	8.125	8.125	8.125	8.125	8.125	8.125	8.125	8.125	8.125	8.125	8.125	8.125	8.125	8.125	8.125	8.125	8.125	8.125	8.125	8.125	8.125	8.125	8.125	8.125	8.125	8.125	8.125	8.125	8.125	8.125	8.125	8.125	8.125	8.125	8.125	8.125	8.125
8.125	8.125	8.125	8.125	8.125	8.125	8.125	8.125	8.125	8.125	8.125	8.125	8.125	8.125	8.125	8.125	8.125	8.125	8.125	8.125	8.125	8.125	8.125	8.125	8.125	8.125	8.125	8.125	8.125	8.125	8.125	8.125	8.125	8.125	8.125	8.125	8.125	8.125	8.125	8.125	8.125	8.125	8.125	8.125	8.125	8.125	8.125	8.125	8.125	8.125	8.125	8.125	8.125	8.125	8.125	8.125	8.125	8.125	8.125	8.125	8.125	8.125	8.125	8.125	8.125	8.125	8.125	8.125	8.125	8.125
8.125	8.125	8.125	8.125	8.125	8.125	8.125	8.125	8.125	8.125	8.125	8.125	8.125	8.125	8.125	8.125	8.125	8.125	8.125	8.125	8.125	8.125	8.125	8.125	8.125	8.125	8.125	8.125	8.125	8.125	8.125	8.125	8.125	8.125	8.125	8.125	8.125	8.125	8.125	8.125	8.125	8.125	8.125	8.125	8.125	8.125	8.125	8.125	8.125	8.125	8.125	8.125	8.125	8.125	8.125	8.125	8.125	8.125	8.125	8.125	8.125	8.125	8.125	8.125	8.125	8.125	8.125	8.125	8.125	8.125
8.125	8.125	8.125	8.125	8.125	8.125	8.125	8.125	8.125	8.125	8.125	8.125	8.125	8.125	8.125	8.125	8.125	8.125	8.125	8.125	8.125	8.125	8.125	8.125	8.125	8.125	8.125	8.125	8.125	8.125	8.125	8.125	8.125	8.125	8.125	8.125	8.125	8.125	8.125	8.125	8.125	8.125	8.125	8.125	8.125	8.125	8.125	8.125	8.125	8.125	8.125	8.125	8.125	8.125	8.125	8.125	8.125	8.125	8.125	8.125	8.125	8.125	8.125	8.125	8.125	8.125	8.125	8.125	8.125	8.125
8.125	8.125	8.125	8.125	8.125	8.125	8.125	8.125	8.125	8.125	8.125	8.125	8.125	8.125	8.125	8.125	8.125	8.125	8.125	8.125	8.125	8.125	8.125	8.125	8.125	8.125	8.125	8.125	8.125	8.125	8.125	8.125	8.125	8.125	8.125	8.125	8.125	8.125	8.125	8.125	8.125	8.125	8.125	8.125	8.125	8.125	8.125	8.125	8.125	8.125	8.125	8.125	8.125	8.125	8.125	8.125	8.125	8.125	8.125	8.125	8.125	8.125	8.125	8.125	8.125	8.125	8.125	8.125	8.125	8.125
8.125	8.125	8.125	8.125	8.125	8.125	8.125	8.125	8.125	8.125	8.125	8.125	8.125	8.125	8.125	8.125	8.125	8.125	8.125	8.125	8.125	8.125	8.125	8.125	8.125	8.125	8.125	8.125	8.125	8.125	8.125	8.125	8.125	8.125	8.125	8.125	8.125	8.125	8.125	8.125	8.125	8.125	8.125	8.125	8.125	8.125	8.125	8.125	8.125	8.125	8.125	8.125	8.125	8.125	8.125	8.125	8.125	8.125	8.125	8.125	8.125	8.125	8.125	8.125	8.125	8.125	8.125	8.125	8.125	8.125
8.125	8.125	8.125	8.125	8.125	8.125	8.125	8.125	8.125	8.125	8.125	8.125	8.125	8.125	8.125	8.125	8.125	8.125	8.125	8.125	8.125	8.125	8.125	8.125	8.125	8.125	8.125	8.125	8.125	8.125	8.125	8.125	8.125	8.125	8.125	8.125	8.125	8.125	8.125	8.125	8.125	8.125	8.125	8.125	8.125	8.125	8.125	8.125	8.125	8.125	8.125	8.125	8.125	8.125	8.125	8.125	8.125	8.125	8.125	8.125	8.125	8.125	8.125	8.125	8.125	8.125	8.125	8.125	8.125	8.125
8.125	8.125	8.125	8.125	8.125	8.125	8.125	8.125	8.125	8.125	8.125	8.125	8.125	8.125	8.125	8.125	8.125	8.125	8.125	8.125	8.125	8.125	8.125	8.125	8.125	8.125	8.125	8.125	8.125	8.125	8.125	8.125	8.125	8.125	8.125	8.125	8.125	8.125	8.125	8.125	8.125	8.125	8.125	8.125	8.125	8.125	8.125	8.125	8.125	8.125	8.125	8.125	8.125	8.125	8.125	8.125	8.125	8.125	8.125	8.125	8.125	8.125	8.125	8.125	8.125	8.125	8.125	8.125	8.125	8.125
8.125	8.125	8.125	8.125	8.125	8.125	8.125	8.125	8.125	8.125	8.125	8.125	8.125	8.125	8.125	8.125	8.125	8.125	8.125	8.125	8.125	8.125	8.125	8.125	8.125	8.125	8.125	8.125	8.125	8.125	8.125	8.125	8.125	8.125	8.125	8.125	8.125	8.125	8.125	8.125	8.125	8.125	8.125	8.125	8.125	8.125	8.125	8.125	8.125	8.125	8.125	8.125	8.125	8.125	8.125	8.125	8.125	8.125	8.125	8.125	8.125	8.125	8.125	8.125	8.125	8.125	8.125	8.125	8.125	8.125
8.125	8.125	8.125	8.125	8.125	8.125	8.125	8.125	8.125	8.125	8.125	8.125	8.125	8.125	8.125	8.125	8.125	8.125	8.125	8.125	8.125	8.125	8.125	8.125	8.125	8.125	8.125	8.125	8.125	8.125	8.125	8.125	8.125	8.125	8.125	8.125	8.125	8.125	8.125	8.125	8.125	8.125	8.125	8.125	8.125	8.125	8.125	8.125	8.125	8.125	8.125	8.125	8.125	8.125	8.125	8.125	8.125	8.125	8.125	8.125	8.125	8.125	8.125	8.125	8.125	8.125	8.125	8.125	8.125	8.125
8.125	8.125	8.125	8.125	8.125	8.125	8.125	8.125	8.125	8.125	8.125	8.125	8.125	8.125	8.125	8.125	8.125	8.125	8.125	8.125	8.125	8.125	8.125	8.125	8.125	8.125	8.125	8.125	8.125	8.125	8.125	8.125	8.125	8.125	8.125	8.125	8.125	8.125	8.125	8.125	8.125	8.125	8.125	8.125	8.125	8.125	8.125	8.125	8.125	8.125	8.125	8.125	8.125	8.125	8.125	8.125	8.125	8.125	8.125	8.125	8.125	8.125	8.125	8.125	8.125	8.125	8.125	8.125	8.125	8.125
8.125	8.125	8.125	8.125	8.125	8.125	8.125	8.125	8.125	8.125	8.125	8.125	8.125	8.125	8.125	8.125	8.125	8.125	8.125	8.125	8.125	8.125	8.125	8.125	8.125	8.125	8.125	8.125	8.125	8.125	8.125	8.125	8.125	8.125	8.125	8.125	8.125	8.125	8.125	8.125	8.125	8.125	8.125	8.125	8.125	8.125	8.125	8.125	8.125	8.125	8.125	8.125	8.125	8.125	8.125	8.125	8.125	8.125	8.125	8.125	8.125	8.125	8.125	8.125	8.125	8.125	8.125	8.125	8.125	8.125
8.125	8.125	8.125	8.125	8.125	8.125	8.125	8.125	8.125	8.125	8.125	8.125	8.125	8.125	8.125	8.125	8.125	8.125	8.125	8.125	8.125	8.125	8.125	8.125	8.125	8.125	8.125	8.125	8.125	8.125	8.125	8.125	8.125	8.125	8.125	8.125	8.125	8.125	8.125	8.125	8.125	8.125	8.125	8.125	8.125	8.125	8.125	8.125	8.125	8.125	8.125	8.125	8.125	8.125	8.125	8.125	8.125	8.125	8.125	8.125	8.125	8.125	8.125	8.125	8.125	8.125	8.125	8.125	8.125	8.125
8.125	8.125	8.125	8.125	8.125	8.125	8.125	8.125	8.125	8.125	8.125	8.125	8.125	8.125	8.125	8.125	8.125	8.125	8.125	8.125	8.125	8.125	8.125	8.125	8.125	8.125	8.125	8.125	8.125	8.125	8.125	8.125	8.125	8.125	8.125	8.125	8.125	8.125	8.125	8.125	8.125	8.125	8.125	8.125	8.125	8.125	8.125	8.125	8.125	8.125	8.125	8.125	8.125	8.125	8.125	8.125	8.125	8.125	8.125	8.125	8.125	8.125	8.125	8.125	8.125	8.125	8.125	8.125	8.125	8.125
8.125	8.125	8.125	8.125	8.125	8.125	8.125	8.125	8.125	8.125	8.125	8.125	8.125	8.125	8.125	8.125	8.125	8.125	8.125	8.125	8.125	8.125	8.125	8.125	8.125	8.125	8.125	8.125	8.125	8.125	8.125	8.125	8.125	8.125	8.125	8.125	8.125	8.125	8.125	8.125	8.125	8.125	8.125	8.125	8.125	8.125	8.125	8.125	8.125	8.125	8.125	8.125	8.125	8.125	8.125	8.125	8.125	8.125	8.125	8.125	8.125	8.125	8.125	8.125	8.125	8.125	8.125	8.125	8.125	8.125
8.125	8.125	8.125	8.125	8.125	8.125	8.125	8.125	8.125	8.125	8.125	8.125	8.125	8.125	8.125	8.125	8.125	8.125	8.125	8.125	8.125	8.125	8.125	8.125	8.125	8.125	8.125	8.125	8.125	8.125	8.125	8.125	8.125	8.125	8.125	8.125	8.125	8.125	8.125	8.125	8.125	8.125	8.125	8.125	8.125	8.125	8.125	8.125	8.125	8.125	8.125	8.125	8.125	8.125	8.125	8.125	8.125	8.125	8.125	8.125	8.125	8.125	8.125	8.125	8.125	8.125	8.125	8.125	8.125	8.125
8.125	8.125	8.125	8.125	8.125	8.125	8.125	8.125	8.125	8.125	8.125	8.125	8.125	8.125	8.125	8.125	8.125	8.125	8.125	8.125	8.125	8.125	8.125	8.125	8.125	8.125	8.125	8.125	8.125	8.125	8.125	8.125	8.125	8.125	8.125	8.125	8.125	8.125	8.125	8.125	8.125	8.125	8.125	8.125	8.125	8.125	8.125	8.125	8.125	8.125	8.125	8.125	8.125	8.125	8.125	8.125	8.125	8.125	8.125	8.125	8.125	8.125	8.125	8.125	8.125	8.125	8.125	8.125	8.125	8.125
8.125	8.125	8.125	8.125	8.125	8.125	8.125	8.125	8.125	8.125	8.125	8.125	8.125	8.125	8.125	8.125	8.125	8.125	8.125	8.125	8.125	8.125	8.125	8.125	8.125	8.125	8.125	8.125	8.125	8.125	8.125	8.125	8.125	8.125	8.125	8.125	8.125	8.125	8.125	8.125	8.125	8.125	8.125	8.125	8.125	8.125	8.125	8.125	8.125	8.125	8.125	8.125	8.125	8.125	8.125	8.125	8.125	8.125	8.125	8.125	8.125	8.125	8.125	8.125	8.125	8.125	8.125	8.125	8.125	8.125
8.125	8.125	8.125	8.125	8.125	8.125	8.125	8.125	8.125	8.125	8.125	8.125	8.125	8.125	8.125	8.125	8.125	8.125	8.125	8.125	8.125	8.125	8.125	8.125	8.125	8.125	8.125	8.125	8.125	8.125	8.125	8.125	8.125	8.125	8.125	8.125	8.125	8.125	8.125	8.125	8.125	8.125	8.125	8.125	8.125	8.125	8.125	8.125	8.125	8.125	8.125	8.125	8.125	8.125	8.125	8.125	8.125	8.125	8.125	8.125	8.125	8.125	8.125	8.125	8.125	8.125	8.125	8.125	8.125	8.125
8.125	8.125	8.125	8.125	8.125	8.125	8.125	8.125	8.125	8.125	8.125	8.125	8.125	8.125	8.125	8.125	8.125	8.125	8.125	8.125	8.125	8.125	8.125	8.125	8.125	8.125	8.125	8.125	8.125	8.125	8.125	8.125	8.125	8.125	8.125	8.125	8.125	8.125	8.125	8.125	8.125	8.125	8.125	8.125	8.125	8.125	8.125	8.125	8.125	8.125	8.125	8.125	8.125	8.125	8.125	8.125	8.125	8.125	8.125	8.125	8.125	8.125	8.125	8.125	8.125	8.125	8.125	8.125	8.125	8.125
8.125	8.125	8.125	8.125	8.125	8.125	8.125	8.125	8.125	8.125	8.125	8.125	8.125	8.125	8.125	8.125	8.125	8.125	8.125	8.125	8.125	8.125	8.125	8.125	8.125	8.125	8.125	8.125	8.125	8.125	8.125	8.125	8.125	8.125	8.125	8.125	8.125	8.125	8.125	8.125	8.125	8.125	8.125	8.125	8.125	8.125	8.125	8.125	8.125	8.125	8.125	8.125	8.125	8.125	8.125	8.125	8.125	8.125	8.125	8.125	8.125	8.125	8.125	8.125	8.125	8.125	8.125	8.125	8.125	8.125
10.788815	10.784433	10.785312	10.792319	10.785312	10.771297	10.770413	10.771297	10.778305	10.781808	10.45944	10.462944	10.461987	10.454976	10.455936	10.452433	10.448928	10.445424	10.44192	10.445424	10.304268	10.304268	10.307772	10.293753	10.298256	10.293753	10.287744	10.294752	10.287744	10.287744	10.12656	10.132529	10.129025	10.136035	10.119552	10.136035	10.116048	10.111501	10.109039	10.116048	9.992336	9.995841	10.006355	10.00986	10.006355	10.014432	9.995841	9.988831	9.981821	9.992336	10.072947	10.072947	10.072947	10.077504	10.083462	10.05648	10.076452	10.070497	10.058928	10.055424	10.125521	10.125521	10.133568	10.13954	10.13954	10.13954	10.13954	9.845132	10.122015	10.116048
10.729486	10.735849	10.729486	10.735849	10.726304	10.704031	10.716759	10.716759	10.710394	10.719941	10.369927	10.37311	10.37311	10.366745	10.37311	10.366745	10.354017	10.350836	10.347653	10.34129	10.182194	10.188558	10.191739	10.182194	10.188558	10.191739	10.179011	10.175829	10.172647	10.169466	10.099463	10.105826	10.102644	10.109009	10.086736	10.105826	10.102644	10.086736	10.083553	10.083553	9.978549	9.984914	10.000822	9.994459	9.991277	9.994459	9.994459	9.981731	9.969004	9.972185	10.093099	10.093099	10.096281	10.102644	10.105826	10.083553	10.102644	10.105826	10.093099	10.089916	9.985888	9.982708	9.994459	10.000822	10.007187	10.010368	10.007187	9.593535	9.991277	9.991277
10.704761	10.701439	10.704761	10.704761	10.704761	10.698118	10.688153	10.681511	10.668225	10.684833	10.322803	10.326125	10.329447	10.329447	10.332768	10.329447	10.31284	10.306197	10.31284	10.306197	10.1202	10.126843	10.133486	10.1202	10.126843	10.133486	10.130165	10.120201	10.116879	10.116879	10.013917	10.017239	10.023881	10.023881	10.007274	10.073701	10.027203	10.027203	10.010595	10.067059	10.013917	10.013917	10.020559	10.020559	10.030524	10.023881	10.020559	10.007274	10.003953	9.99731	10.090308	10.09363	10.103594	10.103594	10.103594	10.09363	10.113558	10.106915	10.106915	10.090308	9.894347	9.894347	9.90099	9.904312	9.907633	9.914276	9.917597	9.744886	9.904312	9.904312
10.600351	10.606725	10.613096	10.619469	10.619469	10.613096	10.597165	10.59398	10.603539	10.597165	10.275364	10.281736	10.291295	10.284922	10.291295	10.291295	10.284922	10.275364	10.272177	10.268991	10.010913	10.010913	10.017284	10.020472	10.020472	10.026843	10.023658	10.010913	10.007727	10.007727	9.937631	9.947189	9.940817	9.953562	9.950376	9.96312	9.950376	9.959933	9.93983	9.93983	9.96312	9.966307	9.985423	9.981259	9.982237	9.991795	9.979052	9.982237	9.975864	9.969492	9.985423	9.985423	9.985423	9.982237	9.991795	9.988609	10.004539	10.001354	9.998168	9.984446	9.94939	9.940817	9.93983	9.944003	9.947189	9.952578	9.962138	9.883466	9.956748	9.950376
10.539988	10.55584	10.555037	10.567877	10.564065	10.555037	10.558849	10.546007	10.536978	10.539988	10.303078	10.30824	10.312104	10.30824	10.317269	10.315114	10.312104	10.302221	10.296201	10.291041	10.014207	10.005179	10.014207	10.026242	10.017215	10.023233	10.023233	10.017215	10.011197	10.00217	9.944997	9.948007	9.944997	9.948007	9.951015	9.954024	9.953095	9.947075	9.944997	9.929952	9.996152	10.005179	10.029251	10.011197	10.011197	10.017215	10.020225	10.020225	10.014207	10.008187	9.957033	9.948007	9.951015	9.957033	9.962125	9.966061	9.974163	9.975088	9.975088	9.966061	9.972078	9.96907	9.96907	9.963052	9.96907	9.975088	9.978098	9.111484	9.978098	9.984116
10.481857	10.481857	10.481857	10.492528	10.499641	10.492528	10.488972	10.4783	10.464074	10.4783	10.232882	10.232882	10.232882	10.247109	10.243552	10.247109	10.239996	10.232882	10.232882	10.218656	10.005248	10.015918	10.019476	10.044373	10.026588	10.030146	10.033702	10.030146	10.019476	10.012362	10.040816	10.044373	10.044373	10.044373	10.051486	10.051486	10.055042	10.055042	10.058599	10.03726	9.934113	9.930556	9.951896	9.930556	9.944782	9.944782	9.951896	9.944782	9.948339	9.941226	9.987464	9.973236	9.973237	9.976794	9.976794	9.99102	9.987464	9.99102	9.994578	9.983908	10.005248	9.994578	9.994578	9.99102	9.994577	9.998135	10.005248	9.461059	10.001692	10.008804
10.58962	10.582233	10.593313	10.604395	10.604395	10.604395	10.604395	10.597008	10.593313	10.585927	10.308905	10.308905	10.305211	10.316292	10.32368	10.316292	10.319986	10.319986	10.319986	10.305211	10.12053	10.124224	10.12053	10.138998	10.135305	10.131611	10.135305	10.135305	10.142692	10.127917	10.068819	10.061432	10.061432	10.068819	10.083594	10.172241	10.079901	10.087287	10.079901	10.150079	10.013414	9.99864	10.020802	10.009721	10.013414	10.013414	10.009721	10.020802	10.017109	10.017109	10.031883	10.02819	10.017109	10.009721	10.017109	10.02819	10.031883	10.031883	10.031883	10.02819	10.054045	10.046658	10.03927	10.035576	10.035576	10.03927	10.050351	9.632971	10.054045	10.054045
10.480436	10.484101	10.484101	10.498759	10.49143	10.495094	10.502423	10.506088	10.49143	10.49143	10.238581	10.234916	10.234916	10.227587	10.238581	10.242245	10.24591	10.242245	10.242245	10.227587	10.018711	10.011383	10.011383	10.029704	10.018711	10.02604	10.022375	10.029704	10.029704	10.018711	9.960079	9.956414	9.945422	9.952751	9.967408	9.960079	9.960079	9.960079	9.963744	9.963744	9.934428	9.930764	9.945422	9.923434	9.923434	9.934428	9.941757	9.945422	9.938093	9.941757	9.938093	9.930764	9.916105	9.912441	9.916105	9.930764	9.927099	9.938093	9.934428	9.938093	9.934428	9.938093	9.930764	9.912441	9.91977	9.91977	9.91977	9.589966	9.934428	9.934428
10.446437	10.452975	10.443169	10.439899	10.456244	10.452975	10.466049	10.466049	10.452975	10.459513	10.247053	10.237247	10.237247	10.233978	10.243784	10.250321	10.243784	10.243784	10.243784	10.237247	10.064012	10.060743	10.057475	10.083623	10.050937	10.06728	10.06728	10.073817	10.06728	10.070549	9.952879	9.939805	9.933269	9.929999	9.949611	9.929999	9.943073	9.939805	9.949611	9.939805	9.920193	9.923462	9.916925	9.900581	9.903851	9.897312	9.916925	9.916925	9.916925	9.916925	9.982297	9.97249	9.969223	9.959416	9.956147	9.982297	9.959416	9.97249	9.982297	9.982297	10.028057	10.031325	10.028057	10.008445	10.011714	10.008445	10.005177	9.799255	10.02152	10.028057
10.462032	10.455235	10.445038	10.451836	10.465431	10.472229	10.46883	10.465431	10.467902	10.464502	10.33967	10.322675	10.318312	10.326074	10.318312	10.329473	10.328511	10.331911	10.342111	10.33967	10.094943	10.093927	10.084746	10.107526	10.081347	10.088145	10.094943	10.101742	10.101742	10.105141	9.988535	9.978334	9.97598	9.957936	9.981734	9.986176	9.972581	9.981734	9.986176	9.996373	9.974935	9.971535	9.951138	9.951138	9.952187	9.951138	9.947737	9.954536	9.968136	9.964736	10.05653	10.050757	10.04633	10.032731	10.029331	10.04633	10.029331	10.025932	10.042931	10.042931	10.124525	10.124525	10.122135	10.117725	10.110926	10.097327	10.104126	9.811746	10.110926	10.114326
10.379633	10.376622	10.379633	10.388664	10.382644	10.388664	10.394684	10.394684	10.397695	10.391674	10.277282	10.262229	10.253199	10.250189	10.256209	10.25922	10.274271	10.271261	10.271261	10.271261	10.054517	10.045485	10.030434	10.048496	10.024414	10.030434	10.036455	10.051506	10.048496	10.048496	9.931093	9.934103	9.91604	9.91604	9.937114	9.919051	9.90701	9.919051	9.919051	9.931093	9.970228	9.958186	9.961197	9.949156	9.940124	9.952165	9.943134	9.958186	9.961197	9.970228	10.060538	10.060538	10.048496	10.042476	10.039465	10.045485	10.036455	10.039465	10.042476	10.048496	10.120744	10.126765	10.129775	10.117733	10.108703	10.096662	10.099671	10.105692	10.114724	10.114724
10.38996	10.38905	10.37924	10.3727	10.36943	10.36943	10.38905	10.38905	10.380152	10.396499	10.239571	10.232086	10.222277	10.206877	10.213416	10.215736	10.216685	10.225546	10.225546	10.222277	10.09572	10.094743	10.079373	10.088202	10.066296	10.072834	10.069565	10.082643	10.088202	10.088202	9.981293	9.978024	9.971484	9.955138	9.958406	9.945331	9.9486	9.947589	9.964946	9.96067	10.063026	10.066296	10.046679	10.048962	10.040141	10.030333	10.040141	10.04341	10.042421	10.049949	10.107823	10.102258	10.101283	10.092451	10.085912	10.094743	10.076103	10.089181	10.092451	10.098989	10.177453	10.183991	10.187262	10.174184	10.174184	10.161107	10.154568	10.157837	10.156875	10.170914
10.355084	10.345119	10.328506	10.331829	10.335151	10.331829	10.338474	10.338474	10.338474	10.34844	10.1923	10.17569	10.172367	10.169045	10.159078	10.165722	10.152433	10.165722	10.17569	10.179011	10.085991	10.095958	10.092635	10.085991	10.066059	10.072703	10.069381	10.076025	10.082669	10.092635	9.986328	9.986328	9.986328	9.969717	9.966394	9.95975	9.95975	9.966394	9.973039	9.979683	10.102602	10.102602	10.069381	10.095958	10.089314	10.072703	10.066059	10.069381	10.082669	10.082669	10.016227	10.019548	10.022871	9.999617	10.006261	9.996294	9.992972	9.992972	9.999617	9.999617	10.169045	10.165722	10.172367	10.17569	10.169045	10.155756	10.159078	10.145789	10.145789	10.155756
10.292956	10.287158	10.278459	10.281359	10.27556	10.269761	10.27266	10.281359	10.287158	10.284258	10.130589	10.12479	10.118991	10.110292	10.104494	10.104494	10.101594	10.107393	10.118991	10.12189	10.000114	10.003015	10.000114	9.985618	9.982718	9.97402	9.976918	9.982718	9.991416	9.997215	9.985618	9.985618	9.979818	9.982718	9.97402	9.965322	9.956623	9.962421	9.962421	9.982718	10.081298	10.081298	10.066801	10.084197	10.0726	10.0697	10.052303	10.063902	10.066801	10.071728	9.895736	9.904433	9.898634	9.895736	9.898634	9.87254	9.881238	9.869639	9.87254	9.874528	10.153784	10.165381	10.168282	10.162482	10.162482	10.150885	10.153784	10.136388	10.142186	10.142186
10.326023	10.326023	10.32135	10.310463	10.299576	10.296077	10.302298	10.305019	10.310463	10.323301	10.089991	10.092712	10.089991	10.073659	10.068215	10.070937	10.062772	10.065494	10.070937	10.076382	10.024666	10.019222	10.024666	10.002891	10.005612	10.007504	9.997447	10.004782	10.002891	10.008335	10.035554	10.035554	10.032832	10.032832	10.012948	10.013779	10.008335	10.000169	10.011057	10.011057	10.076382	10.087269	10.081825	10.092712	10.081825	10.076382	10.073659	10.068215	10.065494	10.068215	9.951175	9.951175	9.95934	9.964785	9.964785	9.940289	9.945732	9.94301	9.934844	9.948453	10.187979	10.204309	10.207031	10.207031	10.209753	10.201588	10.198866	10.182534	10.177091	10.193422
10.274712	10.267694	10.257165	10.257165	10.253657	10.246638	10.243129	10.23962	10.246638	10.264184	10.011528	10.008018	10.011528	10.011528	9.993981	9.993981	9.972927	9.979945	9.983455	9.990472	9.916781	9.927308	9.934326	9.913272	9.916781	9.909762	9.902744	9.902744	9.899235	9.909762	9.972927	9.976437	9.983455	9.979945	9.955381	9.958891	9.962399	9.962399	9.955381	9.958891	9.969418	9.972927	9.958891	9.979945	9.976437	9.969418	9.958891	9.941346	9.951872	9.937837	9.951873	9.958891	9.969418	9.969418	9.969418	9.948362	9.948363	9.941346	9.944855	9.941345	10.102766	10.106274	10.113293	10.123818	10.123819	10.120311	10.120311	10.113292	10.085219	10.095747
10.257092	10.250173	10.249174	10.239794	10.246714	10.253633	10.26055	10.266476	10.26055	10.26055	9.983799	9.973421	9.963043	9.966503	9.963043	9.969962	9.98034	9.983799	9.98034	9.98034	9.911152	9.904234	9.890396	9.916994	9.890396	9.886937	9.893855	9.900774	9.904234	9.907693	9.983799	9.983799	9.973421	9.966503	9.983799	9.959584	9.959584	9.966503	9.98034	9.98034	9.938827	9.938827	9.935368	9.918071	9.914612	9.911152	9.914612	9.921531	9.928449	9.931909	9.952665	9.956123	9.952665	9.945745	9.931909	9.952665	9.931909	9.931909	9.938827	9.949205	10.101419	10.104878	10.104878	10.09104	10.080662	10.073743	10.073743	10.077203	10.080662	10.087581
10.256238	10.246071	10.239292	10.239292	10.229123	10.239292	10.24946	10.256238	10.25285	10.25285	10.022372	10.018983	10.008814	10.008814	10.005424	10.005424	10.015594	10.015594	10.018983	10.015594	10.025762	10.025762	10.012203	10.025762	10.005424	10.005424	10.002036	10.013237	10.022372	10.020014	9.971532	9.97492	9.968143	9.951195	9.962408	9.944416	9.941028	9.942077	9.961364	9.964753	9.985088	9.985088	9.975963	9.97492	9.965797	9.961364	9.961364	9.965797	9.971532	9.975963	9.996294	10.002036	9.995257	9.992906	9.981699	9.998647	9.971532	9.975963	9.981699	9.985088	10.120664	10.127443	10.127443	10.118282	10.110496	10.103717	10.096939	10.096939	10.100328	10.107106
10.256729	10.250361	10.240811	10.237628	10.234445	10.243995	10.247178	10.253546	10.256729	10.250361	10.075277	10.078462	10.062544	10.062544	10.059361	10.056178	10.059361	10.065727	10.065727	10.072094	10.094378	10.091194	10.081645	10.084828	10.068911	10.065727	10.065727	10.072094	10.078462	10.081645	9.976595	9.979777	9.979777	9.967044	9.973412	9.957494	9.944761	9.95431	9.960677	9.970228	10.017978	10.017978	10.008428	10.011611	10.005245	9.992511	9.992511	9.995694	9.998878	10.005245	10.049811	10.049811	10.056178	10.049811	10.043445	10.049811	10.027528	10.024344	10.033894	10.04026	10.138945	10.14531	10.142128	10.142128	10.138945	10.129395	10.116661	10.116661	10.116661	10.116661
10.456223	10.45311	10.440654	10.437541	10.434427	10.437541	10.434427	10.443769	10.446882	10.446882	10.256939	10.260053	10.253825	10.247598	10.244484	10.238256	10.244484	10.241369	10.253825	10.247598	10.216459	10.213346	10.210231	10.213346	10.191549	10.191549	10.188435	10.188435	10.200891	10.207117	10.154182	10.154182	10.154182	10.141727	10.147955	10.132385	10.129272	10.132385	10.132385	10.144841	10.157297	10.160411	10.151069	10.157297	10.151069	10.138614	10.1355	10.138614	10.141727	10.141727	10.179092	10.182207	10.185321	10.179093	10.179093	10.179093	10.166637	10.160411	10.163524	10.172866	10.300532	10.306761	10.306761	10.306761	10.306761	10.297419	10.291191	10.284964	10.28185	10.284964
10.312311	10.312311	10.305428	10.295101	10.288218	10.291659	10.288218	10.295101	10.298543	10.305428	10.112675	10.119558	10.109232	10.098907	10.098907	10.095465	10.092022	10.08858	10.102348	10.102348	10.033507	10.036949	10.036949	10.033507	10.016297	10.012856	10.009414	10.009414	10.012856	10.019739	10.016297	10.019739	10.016297	10.012856	10.012856	9.995646	9.988761	9.988761	9.988761	9.995646	10.012856	10.019739	9.999087	10.016297	10.012856	10.005971	9.995646	9.995646	9.988761	9.995646	9.992203	9.995646	10.002529	10.005971	9.999087	9.995646	9.981877	9.974993	9.974993	9.978436	10.153978	10.160862	10.171188	10.167747	10.167747	10.164305	10.15742	10.150537	10.133327	10.14021
10.287724	10.287724	10.287724	10.270555	10.26712	10.263687	10.263687	10.260253	10.26712	10.277422	10.129768	10.143504	10.136636	10.133203	10.1229	10.116033	10.112599	10.109165	10.116033	10.1229	10.013019	10.009584	10.013019	10.002717	10.002717	9.988982	9.985548	9.985548	9.985548	9.988982	9.975245	9.985548	9.982115	9.982115	9.971812	9.968378	9.958077	9.95121	9.954643	9.954643	10.016452	10.023319	10.002717	10.026754	10.030188	10.016452	10.00615	9.999283	9.99585	9.999283	10.037055	10.047357	10.061091	10.061091	10.061091	10.047357	10.043923	10.037055	10.033622	10.033622	10.164106	10.170974	10.174407	10.177841	10.18471	10.18471	10.177841	10.16754	10.157239	10.160672
10.289514	10.292747	10.292747	10.289514	10.27335	10.27335	10.263652	10.26042	10.263652	10.279815	10.082624	10.089089	10.085857	10.095554	10.076159	10.072927	10.063228	10.063228	10.056763	10.066461	9.963017	9.966249	9.969481	9.953319	9.966249	9.956551	9.943621	9.943621	9.943621	9.946853	9.924225	9.933923	9.933923	9.937155	9.917759	9.927458	9.804617	9.914526	9.901596	9.904828	10.005041	10.008273	9.998575	10.014739	10.021204	10.014739	10.008273	9.995343	9.988876	9.995343	10.050297	10.062255	10.068722	10.079391	10.079391	10.063228	10.072927	10.066461	10.05353	10.047065	10.176371	10.182836	10.189301	10.195766	10.201289	10.205464	10.198999	10.373563	10.176371	10.173138
10.303308	10.309933	10.309933	10.313246	10.299994	10.296681	10.286742	10.283429	10.280116	10.290055	10.061461	10.0714	10.068087	10.0714	10.064775	10.061461	10.044896	10.041583	10.03827	10.041583	9.945508	9.955447	9.95876	9.938882	9.95876	9.952134	9.942195	9.938882	9.935569	9.928944	9.938882	9.952134	9.955447	9.955447	9.935569	9.95876	9.945508	9.935569	9.932256	9.935569	10.028332	10.034957	10.025019	10.048209	10.054835	10.048209	10.041583	10.034957	10.021706	10.018393	10.101216	10.107842	10.111156	10.117782	10.124408	10.111156	10.121095	10.114469	10.107842	10.101216	10.22711	10.230423	10.233736	10.24036	10.253613	10.243673	10.253613	10.246986	10.237047	10.22711
10.27647	10.286276	10.292813	10.292813	10.286276	10.279738	10.266665	10.263395	10.256859	10.260128	10.086891	10.103234	10.103234	10.109772	10.113041	10.103234	10.09343	10.077086	10.073817	10.073817	9.965954	9.97576	9.985565	9.962685	9.988834	9.988834	9.97576	9.962685	9.959416	9.956147	10.037863	10.041132	10.047668	10.050937	10.034595	10.057474	10.054206	10.041132	10.031325	10.031325	10.103234	10.106503	10.109772	10.122846	10.126115	10.129384	10.129384	10.119577	10.106503	10.099966	10.175143	10.175143	10.181681	10.198024	10.201293	10.178412	10.198024	10.198024	10.194756	10.181681	10.34838	10.338573	10.338573	10.345111	10.34838	10.354917	10.358185	10.354917	10.351647	10.338573
10.178066	10.189725	10.19264	10.189725	10.19264	10.186811	10.178066	10.169322	10.166408	10.160578	10.070223	10.084797	10.090626	10.093541	10.093541	10.093541	10.081882	10.073138	10.067308	10.064394	9.947807	9.947807	9.959466	9.944892	9.965295	9.96821	9.959466	9.950721	9.941977	9.936148	10.05565	10.049821	10.061479	10.073138	10.049821	10.073138	10.073138	10.064394	10.05565	10.046906	10.049821	10.052734	10.070223	10.067308	10.073138	10.076053	10.078967	10.073138	10.067308	10.052734	10.157664	10.160578	10.169322	10.169322	10.175152	10.160578	10.180981	10.180981	10.175152	10.169322	10.390838	10.387923	10.385009	10.387923	10.402497	10.402497	10.408326	10.411242	10.399582	10.399582
10.157339	10.163673	10.173175	10.170008	10.173175	10.173175	10.170008	10.154172	10.151005	10.147838	10.036983	10.040151	10.046485	10.065489	10.055986	10.065489	10.052819	10.043318	10.036983	10.027482	9.945133	9.945133	9.954636	9.9483	9.967304	9.970471	9.967304	9.96097	9.951468	9.945133	10.068657	10.068657	10.071823	10.074991	10.059154	10.084492	10.084492	10.081326	10.078157	10.065489	9.897625	9.903959	9.919796	9.913462	9.916629	9.929297	9.919796	9.935632	9.913462	9.910295	10.163673	10.157339	10.157339	10.170008	10.170008	10.157339	10.182677	10.179509	10.182677	10.179509	10.423388	10.414762	10.410717	10.410717	10.42022	10.42022	10.429722	10.436056	10.429722	10.426555
10.102887	10.102887	10.115756	10.122191	10.125409	10.131844	10.128626	10.112539	10.102887	10.093234	9.993492	9.999928	10.012796	10.019232	10.019232	10.022449	10.022449	10.012796	10.006363	9.993492	9.974187	9.97097	9.974187	9.977405	9.990274	9.993492	9.993492	9.99671	9.987057	9.97097	10.054625	10.054625	10.054625	10.061059	10.051407	10.070712	10.077147	10.077147	10.070712	10.061059	9.86801	9.86801	9.890533	9.870216	9.877663	9.88088	9.893751	9.896968	9.887316	9.876654	10.196194	10.182383	10.180106	10.192976	10.189758	10.183324	10.199411	10.209064	10.205846	10.209064	10.439837	10.423746	10.417311	10.414982	10.4182	10.4182	10.431069	10.443055	10.437504	10.437504
10.009192	10.009192	10.009192	10.0196	10.023069	10.030008	10.030008	10.023069	10.009192	10.002254	9.953682	9.953682	9.957151	9.96409	9.971028	9.974498	9.974498	9.974498	9.96409	9.950212	9.946744	9.943274	9.950212	9.953682	9.96409	9.96409	9.96062	9.96409	9.96062	9.950212	9.974498	9.96756	9.96756	9.974498	9.971028	9.984906	9.984906	9.988376	9.988376	9.981438	9.912048	9.90858	9.932866	9.90511	9.912048	9.912048	9.925926	9.925926	9.922458	9.918988	10.168784	10.151437	10.147968	10.151437	10.151437	10.154906	10.159397	10.168784	10.175723	10.172253	10.442866	10.432457	10.418581	10.418581	10.418581	10.415111	10.425519	10.432457	10.433414	10.439397
9.993716	10.000355	10.000355	10.010312	10.013632	10.020269	10.023588	10.020269	10.010312	9.997036	9.91406	9.91074	9.90742	9.920697	9.924016	9.927335	9.930655	9.930655	9.927335	9.917377	9.987079	9.983759	9.983759	10.000355	9.993716	10.003674	10.003674	10.006992	10.006992	10.000355	9.937292	9.930655	9.924016	9.927335	9.930655	9.930655	9.943931	9.943931	9.94725	9.940611	9.977121	9.970484	9.983759	9.963845	9.963845	9.963844	9.973802	9.983759	9.980441	9.980441	10.146393	10.136436	10.129798	10.126479	10.126479	10.133118	10.129798	10.139755	10.146393	10.146393	10.511492	10.514811	10.504853	10.494896	10.498216	10.491576	10.501534	10.508172	10.508172	10.518129
9.969192	9.963492	9.965824	9.972559	9.976961	9.990431	9.987063	9.987063	9.982664	9.96686	9.923086	9.923086	9.91972	9.916352	9.929821	9.933187	9.939922	9.939922	9.94329	9.933187	9.973595	9.960126	9.963492	9.98033	9.96686	9.970227	9.973595	9.98033	9.98033	9.983696	9.946657	9.936556	9.929821	9.926455	9.94329	9.923086	9.939922	9.946657	9.950025	9.946657	9.956758	9.950025	9.960126	9.936556	9.936556	9.939922	9.94329	9.953391	9.950025	9.953391	10.108281	10.108281	10.09818	10.091446	10.091446	10.108281	10.088078	10.101548	10.108281	10.115016	10.407961	10.407961	10.404593	10.387758	10.384391	10.384391	10.391126	10.478672	10.397859	10.404593
10.020455	10.01316	10.005864	10.009512	10.016808	10.027751	10.031399	10.038694	10.031399	10.024103	10.024103	10.024103	10.016808	10.020455	10.020455	10.027751	10.038694	10.035047	10.035047	10.035047	9.96209	9.947499	9.943851	9.96209	9.936556	9.943851	9.947499	9.954795	9.958443	9.96209	9.998569	9.991273	9.976682	9.965738	9.994921	9.969386	9.976682	9.983977	9.987625	9.991273	10.027751	10.027751	10.027751	9.998569	10.002216	10.002216	10.009512	10.016808	10.020455	10.020455	10.122593	10.118944	10.115297	10.100706	10.097057	10.122593	10.097057	10.104353	10.111649	10.118944	10.370642	10.370642	10.370642	10.352403	10.348755	10.341459	10.345107	10.377937	10.352403	10.359698
10.078138	10.091846	10.098221	10.101408	10.101408	10.098221	10.091846	10.079096	10.072721	10.072721	9.993031	9.993031	10.005781	10.008968	10.005781	10.018532	10.015344	9.999406	9.983468	9.986656	9.942029	9.942029	9.948405	9.957968	9.964343	9.961156	9.967531	9.961156	9.945217	9.938842	9.954781	9.954781	9.953795	9.961156	9.972925	9.970718	9.973906	9.977094	9.963361	9.954781	9.986656	9.993031	9.989843	9.989843	10.005781	10.008968	10.015344	10.012156	10.002594	9.996219	10.133284	10.130096	10.122774	10.133284	10.139659	10.149221	10.155597	10.151468	10.151468	10.149221	10.350039	10.339577	10.336388	10.337288	10.342766	10.353226	10.362788	10.362788	10.361895	10.355517
10.138812	10.145905	10.160089	10.163637	10.163637	10.163637	10.163637	10.152998	10.142359	10.13172	10.060795	10.064341	10.071433	10.07498	10.078526	10.085619	10.085619	10.07498	10.060795	10.057248	10.025331	10.028878	10.032424	10.039516	10.053701	10.057248	10.060795	10.057248	10.04661	10.028878	10.053701	10.043063	10.050156	10.050156	10.064341	10.067887	10.071433	10.071433	10.064341	10.057248	10.032424	10.03597	10.028878	10.032424	10.039516	10.04661	10.053701	10.050156	10.050156	10.039516	10.220377	10.21683	10.206192	10.21683	10.209739	10.223923	10.231016	10.234562	10.231016	10.231016	10.404783	10.390598	10.383506	10.387052	10.387052	10.394145	10.397691	10.415422	10.408329	10.401237
10.05946	10.06305	10.066642	10.081007	10.081007	10.084599	10.084599	10.081007	10.066642	10.06305	9.95531	9.95531	9.9589	9.962492	9.969674	9.98045	9.98045	9.973267	9.962492	9.951717	9.901439	9.90503	9.901439	9.90503	9.919395	9.926578	9.926578	9.926578	9.926578	9.912212	10.001997	9.994814	9.991223	9.991223	10.005589	10.012771	10.012771	10.019954	10.016363	10.012771	10.041503	10.027137	10.023546	10.027137	10.03432	10.03432	10.048685	10.048685	10.052277	10.048685	10.174384	10.170792	10.160018	10.160018	10.16361	10.167201	10.177975	10.185158	10.185158	10.188748	10.314447	10.303674	10.300081	10.289308	10.292899	10.296491	10.303674	10.310856	10.318039	10.318039
10.05851	10.05851	10.05851	10.074813	10.078074	10.081333	10.084594	10.079053	10.068292	10.05851	9.993301	9.990041	9.98352	9.98352	9.996562	10.006344	10.009604	10.009604	9.999823	9.993301	9.976999	9.976999	9.970478	9.967217	9.980259	9.991041	9.993301	9.996562	9.999823	9.98352	10.078074	10.065031	10.065031	10.05851	10.06177	10.071552	10.081333	10.078074	10.084594	10.081333	10.153064	10.143283	10.133501	10.130241	10.136762	10.133501	10.149803	10.156324	10.153064	10.156324	10.303045	10.296524	10.283482	10.286742	10.286742	10.283482	10.296524	10.299785	10.299785	10.306306	10.443244	10.433464	10.423682	10.420422	10.4139	10.4139	10.417161	10.426943	10.439983	10.436723
10.062523	10.059162	10.059162	10.062523	10.075967	10.080336	10.086049	10.089411	10.079328	10.065884	9.961697	9.952652	9.951613	9.948254	9.958335	9.968418	9.97514	9.97514	9.971779	9.965057	10.045719	10.035636	10.035636	10.028914	10.035636	10.045719	10.059162	10.056815	10.062523	10.055801	10.123019	10.106215	10.096132	10.092772	10.090417	10.099493	10.109576	10.119658	10.119658	10.123019	10.200319	10.19122	10.174419	10.170072	10.1677	10.166711	10.180155	10.190238	10.193598	10.193598	10.378448	10.381808	10.365004	10.358282	10.361643	10.359225	10.365004	10.365004	10.378448	10.391891	10.442305	10.432221	10.428861	10.418778	10.406267	10.401974	10.405334	10.412056	10.423067	10.428861
10.084251	10.083279	10.07679	10.074521	10.086523	10.099501	10.102745	10.10047	10.102745	10.087495	9.992439	9.983702	9.977215	9.970727	9.967484	9.989195	9.998928	9.998928	10.002171	9.998928	10.106956	10.099501	10.086523	10.087495	10.086523	10.090738	10.109233	10.110201	10.112477	10.112477	10.015148	10.00965	9.993432	9.986944	9.989195	9.995684	9.999919	10.011904	10.012894	10.016136	10.217237	10.217237	10.20102	10.191289	10.188046	10.184803	10.191289	10.20102	10.210752	10.216295	10.463749	10.466992	10.459618	10.450775	10.4378	10.441045	10.444288	10.444288	10.450775	10.466992	10.450775	10.449884	10.44664	10.440152	10.42393	10.418339	10.415096	10.431314	10.415096	10.431314
10.019663	10.013172	10.013172	10.00668	10.00668	10.019663	10.029401	10.029401	10.029401	10.026155	10.00668	9.996943	9.990452	9.98396	9.980715	9.993697	10.003435	10.00668	10.00668	10.009926	10.084579	10.071595	10.058612	10.058612	10.055367	10.058612	10.06835	10.078087	10.078087	10.084579	9.906062	9.89957	9.892063	9.876849	9.873604	9.873604	9.876849	9.886587	9.89957	9.896324	10.230639	10.230639	10.217655	10.204671	10.201426	10.19818	10.19818	10.207918	10.217655	10.217655	10.457841	10.467578	10.461087	10.454596	10.44072	10.435122	10.438367	10.438367	10.444858	10.457841	10.476432	10.477316	10.477316	10.470823	10.463446	10.451349	10.444858	10.444858	10.457841	10.461087
9.983507	9.977114	9.967524	9.957932	9.96113	9.967524	9.980309	9.986703	9.980309	9.983507	10.025065	10.018672	10.005884	9.996294	9.993097	9.999491	10.005884	10.015474	10.015474	10.021868	9.993097	9.986703	9.973917	9.964326	9.964326	9.954736	9.973917	9.977114	9.986703	9.986703	10.009081	10.005884	9.999491	9.980309	9.970719	9.970719	9.970719	9.983507	9.989901	9.999491	10.210478	10.216871	10.210478	10.19769	10.17851	10.175313	10.17851	10.181706	10.191297	10.200888	10.536548	10.536548	10.539744	10.539744	10.523761	10.517367	10.514171	10.507777	10.514171	10.526958	10.514171	10.517367	10.523761	10.517367	10.510973	10.494989	10.479006	10.501384	10.4854	10.494989
9.975809	9.970159	9.970284	9.961612	9.968399	9.968662	9.963886	9.964035	9.962886	9.959207	9.957808	9.957231	9.96055	9.959527	9.950027	9.953786	9.962492	9.959265	9.952809	9.947948	9.945565	9.941989	9.94396	9.942503	9.943635	9.940778	9.944234	9.942412	9.94336	9.936277	9.931712	9.930924	9.936814	9.934951	9.934968	9.931615	9.930095	9.933517	9.929844	9.925337	9.922543	9.920093	9.91963	9.91719	9.922183	9.920355	9.920195	9.9224	9.91803	9.918322	9.9147	9.921612	9.919001	9.916368	9.909673	9.915625	9.921235	9.917133	9.9143	9.912712	9.914763	9.907805	9.910272	9.913849	9.9143	9.902846	9.910769	9.91021	9.910638	9.907513
85.974147	85.974175	85.962774	86.081175	86.183869	86.182409	86.269698	86.27544	86.351766	86.378484	86.571444	86.573548	86.667571	86.700532	86.77629	86.775635	86.85727	86.833913	86.875663	86.87298	87.074369	87.136726	87.180274	87.166817	87.142865	87.273964	87.273083	87.346262	87.374583	87.371742	87.576905	87.575488	87.54669	87.660063	87.672024	87.675698	87.676563	87.671234	87.788321	87.770909	87.977079	87.977389	88.068671	88.073167	88.076496	88.066591	88.077429	88.099198	88.182897	88.236067	88.372877	88.395409	88.448889	88.395694	88.55448	88.530742	88.561524	88.574861	88.571849	88.551758	88.791087	88.775933	88.77656	88.809861	88.889437	88.899683	88.998	88.969179	88.973778	88.973873
29.6	29.6	29.6	29.6	29.6	29.6	29.6	29.6	29.6	29.6	29.6	29.6	29.6	29.6	29.6	29.6	29.6	29.6	29.6	29.6	29.6	29.6	29.6	29.6	29.6	29.6	29.6	29.6	29.6	29.6	29.6	29.6	29.6	29.6	29.6	29.6	29.6	29.6	29.6	29.6	29.6	29.6	29.6	29.6	29.6	29.6	29.6	29.6	29.6	29.6	29.6	29.6	29.6	29.6	29.6	29.6	29.6	29.6	29.6	29.6	29.6	29.6	29.6	29.6	29.6	29.6	29.6	29.6	29.6	29.6
618063700	618066200	618068600	618071000	618073400	618075800	618078200	618080600	618083000	618085400	618099200	618101600	618104000	618106400	618108800	618111200	618113600	618116000	618118400	618120800	618134600	618137000	618139400	618141800	618144200	618146600	618149000	618151400	618153800	618156200	618170000	618172400	618174800	618177200	618179600	618182000	618184400	618186800	618189200	618191600	618205400	618207800	618210200	618212600	618215000	618217400	618219800	618222200	618224600	618227000	618240800	618243200	618245600	618248000	618250400	618252800	618255200	618257600	618260000	618262400	618276200	618278600	618281000	618283400	618285800	618288200	618290600	618293000	618295400	618297800
