0	1	2	3	4	5	6	7	8	9	0	1	2	3	4	5	6	7	8	9	0	1	2	3	4	5	6	7	8	9	0	1	2	3	4	5	6	7	8	9	0	1	2	3	4	5	6	7	8	9	0	1	2	3	4	5	6	7	8	9	0	1	2	3	4	5	6	7	8	9
0	0	0	0	0	0	0	0	0	0	1	1	1	1	1	1	1	1	1	1	2	2	2	2	2	2	2	2	2	2	3	3	3	3	3	3	3	3	3	3	4	4	4	4	4	4	4	4	4	4	5	5	5	5	5	5	5	5	5	5	6	6	6	6	6	6	6	6	6	6
0	0	0	0	0	0	0	0	0	0	0	0	0	0	0	0	0	0	0	0	0	0	0	0	0	0	0	0	0	0	0	0	0	0	0	0	0	0	0	0	0	0	0	0	0	0	0	0	0	0	0	0	0	0	0	0	0	0	0	0	0	0	0	0	0	0	0	0	0	0
0.499598	0.499598	0.499598	0.499598	0.499598	0.499598	0.499598	0.499598	0.499598	0.499598	4.441265	4.441265	4.441265	4.441265	4.441265	4.441265	4.441265	4.441265	4.441265	4.441265	8.382932	8.382932	8.382932	8.382932	8.382932	8.382932	8.382932	8.382932	8.382932	8.382932	12.324598	12.324598	12.324598	12.324598	12.324598	12.324598	12.324598	12.324598	12.324598	12.324598	16.266265	16.266265	16.266265	16.266265	16.266265	16.266265	16.266265	16.266265	16.266265	16.266265	20.207932	20.207932	20.207932	20.207932	20.207932	20.207932	20.207932	20.207932	20.207932	20.207932	24.149598	24.149598	24.149598	24.149598	24.149598	24.149598	24.149598	24.149598	24.149598	24.149598
0.937787	0.937787	0.937787	0.937787	0.937787	0.937787	0.937787	0.937787	0.937787	0.937787	4.879454	4.879454	4.879454	4.879454	4.879454	4.879454	4.879454	4.879454	4.879454	4.879454	8.821121	8.821121	8.821121	8.821121	8.821121	8.821121	8.821121	8.821121	8.821121	8.821121	12.762787	12.762787	12.762787	12.762787	12.762787	12.762787	12.762787	12.762787	12.762787	12.762787	16.704454	16.704454	16.704454	16.704454	16.704454	16.704454	16.704454	16.704454	16.704454	16.704454	20.646121	20.646121	20.646121	20.646121	20.646121	20.646121	20.646121	20.646121	20.646121	20.646121	24.587787	24.587787	24.587787	24.587787	24.587787	24.587787	24.587787	24.587787	24.587787	24.587787
1.342906	1.342906	1.342906	1.342906	1.342906	1.342906	1.342906	1.342906	1.342906	1.342906	5.284572	5.284572	5.284572	5.284572	5.284572	5.284572	5.284572	5.284572	5.284572	5.284572	9.226239	9.226239	9.226239	9.226239	9.226239	9.226239	9.226239	9.226239	9.226239	9.226239	13.167906	13.167906	13.167906	13.167906	13.167906	13.167906	13.167906	13.167906	13.167906	13.167906	17.109572	17.109572	17.109572	17.109572	17.109572	17.109572	17.109572	17.109572	17.109572	17.109572	21.051239	21.051239	21.051239	21.051239	21.051239	21.051239	21.051239	21.051239	21.051239	21.051239	24.992906	24.992906	24.992906	24.992906	24.992906	24.992906	24.992906	24.992906	24.992906	24.992906
1.748024	1.748024	1.748024	1.748024	1.748024	1.748024	1.748024	1.748024	1.748024	1.748024	5.68969	5.68969	5.68969	5.68969	5.68969	5.68969	5.68969	5.68969	5.68969	5.68969	9.631357	9.631357	9.631357	9.631357	9.631357	9.631357	9.631357	9.631357	9.631357	9.631357	13.573024	13.573024	13.573024	13.573024	13.573024	13.573024	13.573024	13.573024	13.573024	13.573024	17.51469	17.51469	17.51469	17.51469	17.51469	17.51469	17.51469	17.51469	17.51469	17.51469	21.456357	21.456357	21.456357	21.456357	21.456357	21.456357	21.456357	21.456357	21.456357	21.456357	25.398024	25.398024	25.398024	25.398024	25.398024	25.398024	25.398024	25.398024	25.398024	25.398024
2.152748	2.152748	2.152748	2.152748	2.152748	2.152748	2.152748	2.152748	2.152748	2.152748	6.094415	6.094415	6.094415	6.094415	6.094415	6.094415	6.094415	6.094415	6.094415	6.094415	10.036081	10.036081	10.036081	10.036081	10.036081	10.036081	10.036081	10.036081	10.036081	10.036081	13.977748	13.977748	13.977748	13.977748	13.977748	13.977748	13.977748	13.977748	13.977748	13.977748	17.919415	17.919415	17.919415	17.919415	17.919415	17.919415	17.919415	17.919415	17.919415	17.919415	21.861081	21.861081	21.861081	21.861081	21.861081	21.861081	21.861081	21.861081	21.861081	21.861081	25.802748	25.802748	25.802748	25.802748	25.802748	25.802748	25.802748	25.802748	25.802748	25.802748
2.557866	2.557866	2.557866	2.557866	2.557866	2.557866	2.557866	2.557866	2.557866	2.557866	6.499533	6.499533	6.499533	6.499533	6.499533	6.499533	6.499533	6.499533	6.499533	6.499533	10.441199	10.441199	10.441199	10.441199	10.441199	10.441199	10.441199	10.441199	10.441199	10.441199	14.382866	14.382866	14.382866	14.382866	14.382866	14.382866	14.382866	14.382866	14.382866	14.382866	18.324533	18.324533	18.324533	18.324533	18.324533	18.324533	18.324533	18.324533	18.324533	18.324533	22.266199	22.266199	22.266199	22.266199	22.266199	22.266199	22.266199	22.266199	22.266199	22.266199	26.207866	26.207866	26.207866	26.207866	26.207866	26.207866	26.207866	26.207866	26.207866	26.207866
2.962984	2.962984	2.962984	2.962984	2.962984	2.962984	2.962984	2.962984	2.962984	2.962984	6.904651	6.904651	6.904651	6.904651	6.904651	6.904651	6.904651	6.904651	6.904651	6.904651	10.846318	10.846318	10.846318	10.846318	10.846318	10.846318	10.846318	10.846318	10.846318	10.846318	14.787984	14.787984	14.787984	14.787984	14.787984	14.787984	14.787984	14.787984	14.787984	14.787984	18.729651	18.729651	18.729651	18.729651	18.729651	18.729651	18.729651	18.729651	18.729651	18.729651	22.671318	22.671318	22.671318	22.671318	22.671318	22.671318	22.671318	22.671318	22.671318	22.671318	26.612984	26.612984	26.612984	26.612984	26.612984	26.612984	26.612984	26.612984	26.612984	26.612984
3.368102	3.368102	3.368102	3.368102	3.368102	3.368102	3.368102	3.368102	3.368102	3.368102	7.309769	7.309769	7.309769	7.309769	7.309769	7.309769	7.309769	7.309769	7.309769	7.309769	11.251436	11.251436	11.251436	11.251436	11.251436	11.251436	11.251436	11.251436	11.251436	11.251436	15.193102	15.193102	15.193102	15.193102	15.193102	15.193102	15.193102	15.193102	15.193102	15.193102	19.134769	19.134769	19.134769	19.134769	19.134769	19.134769	19.134769	19.134769	19.134769	19.134769	23.076436	23.076436	23.076436	23.076436	23.076436	23.076436	23.076436	23.076436	23.076436	23.076436	27.018102	27.018102	27.018102	27.018102	27.018102	27.018102	27.018102	27.018102	27.018102	27.018102
3.772827	3.772827	3.772827	3.772827	3.772827	3.772827	3.772827	3.772827	3.772827	3.772827	7.714493	7.714493	7.714493	7.714493	7.714493	7.714493	7.714493	7.714493	7.714493	7.714493	11.65616	11.65616	11.65616	11.65616	11.65616	11.65616	11.65616	11.65616	11.65616	11.65616	15.597827	15.597827	15.597827	15.597827	15.597827	15.597827	15.597827	15.597827	15.597827	15.597827	19.539493	19.539493	19.539493	19.539493	19.539493	19.539493	19.539493	19.539493	19.539493	19.539493	23.48116	23.48116	23.48116	23.48116	23.48116	23.48116	23.48116	23.48116	23.48116	23.48116	27.422827	27.422827	27.422827	27.422827	27.422827	27.422827	27.422827	27.422827	27.422827	27.422827
4.069677	4.069677	4.069677	4.069677	4.069677	4.069677	4.069677	4.069677	4.069677	4.069677	8.011344	8.011344	8.011344	8.011344	8.011344	8.011344	8.011344	8.011344	8.011344	8.011344	11.953011	11.953011	11.953011	11.953011	11.953011	11.953011	11.953011	11.953011	11.953011	11.953011	15.894677	15.894677	15.894677	15.894677	15.894677	15.894677	15.894677	15.894677	15.894677	15.894677	19.836344	19.836344	19.836344	19.836344	19.836344	19.836344	19.836344	19.836344	19.836344	19.836344	23.778011	23.778011	23.778011	23.778011	23.778011	23.778011	23.778011	23.778011	23.778011	23.778011	27.719677	27.719677	27.719677	27.719677	27.719677	27.719677	27.719677	27.719677	27.719677	27.719677
4.366528	4.366528	4.366528	4.366528	4.366528	4.366528	4.366528	4.366528	4.366528	4.366528	8.308194	8.308194	8.308194	8.308194	8.308194	8.308194	8.308194	8.308194	8.308194	8.308194	12.249861	12.249861	12.249861	12.249861	12.249861	12.249861	12.249861	12.249861	12.249861	12.249861	16.191528	16.191528	16.191528	16.191528	16.191528	16.191528	16.191528	16.191528	16.191528	16.191528	20.133194	20.133194	20.133194	20.133194	20.133194	20.133194	20.133194	20.133194	20.133194	20.133194	24.074861	24.074861	24.074861	24.074861	24.074861	24.074861	24.074861	24.074861	24.074861	24.074861	28.016528	28.016528	28.016528	28.016528	28.016528	28.016528	28.016528	28.016528	28.016528	28.016528
4.663378	4.663378	4.663378	4.663378	4.663378	4.663378	4.663378	4.663378	4.663378	4.663378	8.605045	8.605045	8.605045	8.605045	8.605045	8.605045	8.605045	8.605045	8.605045	8.605045	12.546711	12.546711	12.546711	12.546711	12.546711	12.546711	12.546711	12.546711	12.546711	12.546711	16.488378	16.488378	16.488378	16.488378	16.488378	16.488378	16.488378	16.488378	16.488378	16.488378	20.430045	20.430045	20.430045	20.430045	20.430045	20.430045	20.430045	20.430045	20.430045	20.430045	24.371711	24.371711	24.371711	24.371711	24.371711	24.371711	24.371711	24.371711	24.371711	24.371711	28.313378	28.313378	28.313378	28.313378	28.313378	28.313378	28.313378	28.313378	28.313378	28.313378
4.960622	4.960622	4.960622	4.960622	4.960622	4.960622	4.960622	4.960622	4.960622	4.960622	8.902289	8.902289	8.902289	8.902289	8.902289	8.902289	8.902289	8.902289	8.902289	8.902289	12.843955	12.843955	12.843955	12.843955	12.843955	12.843955	12.843955	12.843955	12.843955	12.843955	16.785622	16.785622	16.785622	16.785622	16.785622	16.785622	16.785622	16.785622	16.785622	16.785622	20.727289	20.727289	20.727289	20.727289	20.727289	20.727289	20.727289	20.727289	20.727289	20.727289	24.668955	24.668955	24.668955	24.668955	24.668955	24.668955	24.668955	24.668955	24.668955	24.668955	28.610622	28.610622	28.610622	28.610622	28.610622	28.610622	28.610622	28.610622	28.610622	28.610622
5.257472	5.257472	5.257472	5.257472	5.257472	5.257472	5.257472	5.257472	5.257472	5.257472	9.199139	9.199139	9.199139	9.199139	9.199139	9.199139	9.199139	9.199139	9.199139	9.199139	13.140806	13.140806	13.140806	13.140806	13.140806	13.140806	13.140806	13.140806	13.140806	13.140806	17.082472	17.082472	17.082472	17.082472	17.082472	17.082472	17.082472	17.082472	17.082472	17.082472	21.024139	21.024139	21.024139	21.024139	21.024139	21.024139	21.024139	21.024139	21.024139	21.024139	24.965806	24.965806	24.965806	24.965806	24.965806	24.965806	24.965806	24.965806	24.965806	24.965806	28.907472	28.907472	28.907472	28.907472	28.907472	28.907472	28.907472	28.907472	28.907472	28.907472
5.554323	5.554323	5.554323	5.554323	5.554323	5.554323	5.554323	5.554323	5.554323	5.554323	9.495989	9.495989	9.495989	9.495989	9.495989	9.495989	9.495989	9.495989	9.495989	9.495989	13.437656	13.437656	13.437656	13.437656	13.437656	13.437656	13.437656	13.437656	13.437656	13.437656	17.379323	17.379323	17.379323	17.379323	17.379323	17.379323	17.379323	17.379323	17.379323	17.379323	21.320989	21.320989	21.320989	21.320989	21.320989	21.320989	21.320989	21.320989	21.320989	21.320989	25.262656	25.262656	25.262656	25.262656	25.262656	25.262656	25.262656	25.262656	25.262656	25.262656	29.204323	29.204323	29.204323	29.204323	29.204323	29.204323	29.204323	29.204323	29.204323	29.204323
5.851173	5.851173	5.851173	5.851173	5.851173	5.851173	5.851173	5.851173	5.851173	5.851173	9.79284	9.79284	9.79284	9.79284	9.79284	9.79284	9.79284	9.79284	9.79284	9.79284	13.734507	13.734507	13.734507	13.734507	13.734507	13.734507	13.734507	13.734507	13.734507	13.734507	17.676173	17.676173	17.676173	17.676173	17.676173	17.676173	17.676173	17.676173	17.676173	17.676173	21.61784	21.61784	21.61784	21.61784	21.61784	21.61784	21.61784	21.61784	21.61784	21.61784	25.559507	25.559507	25.559507	25.559507	25.559507	25.559507	25.559507	25.559507	25.559507	25.559507	29.501173	29.501173	29.501173	29.501173	29.501173	29.501173	29.501173	29.501173	29.501173	29.501173
6.148024	6.148024	6.148024	6.148024	6.148024	6.148024	6.148024	6.148024	6.148024	6.148024	10.08969	10.08969	10.08969	10.08969	10.08969	10.08969	10.08969	10.08969	10.08969	10.08969	14.031357	14.031357	14.031357	14.031357	14.031357	14.031357	14.031357	14.031357	14.031357	14.031357	17.973024	17.973024	17.973024	17.973024	17.973024	17.973024	17.973024	17.973024	17.973024	17.973024	21.91469	21.91469	21.91469	21.91469	21.91469	21.91469	21.91469	21.91469	21.91469	21.91469	25.856357	25.856357	25.856357	25.856357	25.856357	25.856357	25.856357	25.856357	25.856357	25.856357	29.798024	29.798024	29.798024	29.798024	29.798024	29.798024	29.798024	29.798024	29.798024	29.798024
6.444874	6.444874	6.444874	6.444874	6.444874	6.444874	6.444874	6.444874	6.444874	6.444874	10.386541	10.386541	10.386541	10.386541	10.386541	10.386541	10.386541	10.386541	10.386541	10.386541	14.328207	14.328207	14.328207	14.328207	14.328207	14.328207	14.328207	14.328207	14.328207	14.328207	18.269874	18.269874	18.269874	18.269874	18.269874	18.269874	18.269874	18.269874	18.269874	18.269874	22.211541	22.211541	22.211541	22.211541	22.211541	22.211541	22.211541	22.211541	22.211541	22.211541	26.153207	26.153207	26.153207	26.153207	26.153207	26.153207	26.153207	26.153207	26.153207	26.153207	30.094874	30.094874	30.094874	30.094874	30.094874	30.094874	30.094874	30.094874	30.094874	30.094874
6.741724	6.741724	6.741724	6.741724	6.741724	6.741724	6.741724	6.741724	6.741724	6.741724	10.683391	10.683391	10.683391	10.683391	10.683391	10.683391	10.683391	10.683391	10.683391	10.683391	14.625058	14.625058	14.625058	14.625058	14.625058	14.625058	14.625058	14.625058	14.625058	14.625058	18.566724	18.566724	18.566724	18.566724	18.566724	18.566724	18.566724	18.566724	18.566724	18.566724	22.508391	22.508391	22.508391	22.508391	22.508391	22.508391	22.508391	22.508391	22.508391	22.508391	26.450058	26.450058	26.450058	26.450058	26.450058	26.450058	26.450058	26.450058	26.450058	26.450058	30.391724	30.391724	30.391724	30.391724	30.391724	30.391724	30.391724	30.391724	30.391724	30.391724
7.038575	7.038575	7.038575	7.038575	7.038575	7.038575	7.038575	7.038575	7.038575	7.038575	10.980241	10.980241	10.980241	10.980241	10.980241	10.980241	10.980241	10.980241	10.980241	10.980241	14.921908	14.921908	14.921908	14.921908	14.921908	14.921908	14.921908	14.921908	14.921908	14.921908	18.863575	18.863575	18.863575	18.863575	18.863575	18.863575	18.863575	18.863575	18.863575	18.863575	22.805241	22.805241	22.805241	22.805241	22.805241	22.805241	22.805241	22.805241	22.805241	22.805241	26.746908	26.746908	26.746908	26.746908	26.746908	26.746908	26.746908	26.746908	26.746908	26.746908	30.688575	30.688575	30.688575	30.688575	30.688575	30.688575	30.688575	30.688575	30.688575	30.688575
7.335425	7.335425	7.335425	7.335425	7.335425	7.335425	7.335425	7.335425	7.335425	7.335425	11.277092	11.277092	11.277092	11.277092	11.277092	11.277092	11.277092	11.277092	11.277092	11.277092	15.218759	15.218759	15.218759	15.218759	15.218759	15.218759	15.218759	15.218759	15.218759	15.218759	19.160425	19.160425	19.160425	19.160425	19.160425	19.160425	19.160425	19.160425	19.160425	19.160425	23.102092	23.102092	23.102092	23.102092	23.102092	23.102092	23.102092	23.102092	23.102092	23.102092	27.043759	27.043759	27.043759	27.043759	27.043759	27.043759	27.043759	27.043759	27.043759	27.043759	30.985425	30.985425	30.985425	30.985425	30.985425	30.985425	30.985425	30.985425	30.985425	30.985425
7.632276	7.632276	7.632276	7.632276	7.632276	7.632276	7.632276	7.632276	7.632276	7.632276	11.573942	11.573942	11.573942	11.573942	11.573942	11.573942	11.573942	11.573942	11.573942	11.573942	15.515609	15.515609	15.515609	15.515609	15.515609	15.515609	15.515609	15.515609	15.515609	15.515609	19.457276	19.457276	19.457276	19.457276	19.457276	19.457276	19.457276	19.457276	19.457276	19.457276	23.398942	23.398942	23.398942	23.398942	23.398942	23.398942	23.398942	23.398942	23.398942	23.398942	27.340609	27.340609	27.340609	27.340609	27.340609	27.340609	27.340609	27.340609	27.340609	27.340609	31.282276	31.282276	31.282276	31.282276	31.282276	31.282276	31.282276	31.282276	31.282276	31.282276
7.929126	7.929126	7.929126	7.929126	7.929126	7.929126	7.929126	7.929126	7.929126	7.929126	11.870793	11.870793	11.870793	11.870793	11.870793	11.870793	11.870793	11.870793	11.870793	11.870793	15.812459	15.812459	15.812459	15.812459	15.812459	15.812459	15.812459	15.812459	15.812459	15.812459	19.754126	19.754126	19.754126	19.754126	19.754126	19.754126	19.754126	19.754126	19.754126	19.754126	23.695793	23.695793	23.695793	23.695793	23.695793	23.695793	23.695793	23.695793	23.695793	23.695793	27.637459	27.637459	27.637459	27.637459	27.637459	27.637459	27.637459	27.637459	27.637459	27.637459	31.579126	31.579126	31.579126	31.579126	31.579126	31.579126	31.579126	31.579126	31.579126	31.579126
8.225976	8.225976	8.225976	8.225976	8.225976	8.225976	8.225976	8.225976	8.225976	8.225976	12.167643	12.167643	12.167643	12.167643	12.167643	12.167643	12.167643	12.167643	12.167643	12.167643	16.10931	16.10931	16.10931	16.10931	16.10931	16.10931	16.10931	16.10931	16.10931	16.10931	20.050976	20.050976	20.050976	20.050976	20.050976	20.050976	20.050976	20.050976	20.050976	20.050976	23.992643	23.992643	23.992643	23.992643	23.992643	23.992643	23.992643	23.992643	23.992643	23.992643	27.93431	27.93431	27.93431	27.93431	27.93431	27.93431	27.93431	27.93431	27.93431	27.93431	31.875976	31.875976	31.875976	31.875976	31.875976	31.875976	31.875976	31.875976	31.875976	31.875976
8.522827	8.522827	8.522827	8.522827	8.522827	8.522827	8.522827	8.522827	8.522827	8.522827	12.464493	12.464493	12.464493	12.464493	12.464493	12.464493	12.464493	12.464493	12.464493	12.464493	16.40616	16.40616	16.40616	16.40616	16.40616	16.40616	16.40616	16.40616	16.40616	16.40616	20.347827	20.347827	20.347827	20.347827	20.347827	20.347827	20.347827	20.347827	20.347827	20.347827	24.289493	24.289493	24.289493	24.289493	24.289493	24.289493	24.289493	24.289493	24.289493	24.289493	28.23116	28.23116	28.23116	28.23116	28.23116	28.23116	28.23116	28.23116	28.23116	28.23116	32.172827	32.172827	32.172827	32.172827	32.172827	32.172827	32.172827	32.172827	32.172827	32.172827
8.819677	8.819677	8.819677	8.819677	8.819677	8.819677	8.819677	8.819677	8.819677	8.819677	12.761344	12.761344	12.761344	12.761344	12.761344	12.761344	12.761344	12.761344	12.761344	12.761344	16.703011	16.703011	16.703011	16.703011	16.703011	16.703011	16.703011	16.703011	16.703011	16.703011	20.644677	20.644677	20.644677	20.644677	20.644677	20.644677	20.644677	20.644677	20.644677	20.644677	24.586344	24.586344	24.586344	24.586344	24.586344	24.586344	24.586344	24.586344	24.586344	24.586344	28.528011	28.528011	28.528011	28.528011	28.528011	28.528011	28.528011	28.528011	28.528011	28.528011	32.469677	32.469677	32.469677	32.469677	32.469677	32.469677	32.469677	32.469677	32.469677	32.469677
9.116528	9.116528	9.116528	9.116528	9.116528	9.116528	9.116528	9.116528	9.116528	9.116528	13.058194	13.058194	13.058194	13.058194	13.058194	13.058194	13.058194	13.058194	13.058194	13.058194	16.999861	16.999861	16.999861	16.999861	16.999861	16.999861	16.999861	16.999861	16.999861	16.999861	20.941528	20.941528	20.941528	20.941528	20.941528	20.941528	20.941528	20.941528	20.941528	20.941528	24.883194	24.883194	24.883194	24.883194	24.883194	24.883194	24.883194	24.883194	24.883194	24.883194	28.824861	28.824861	28.824861	28.824861	28.824861	28.824861	28.824861	28.824861	28.824861	28.824861	32.766528	32.766528	32.766528	32.766528	32.766528	32.766528	32.766528	32.766528	32.766528	32.766528
9.413378	9.413378	9.413378	9.413378	9.413378	9.413378	9.413378	9.413378	9.413378	9.413378	13.355045	13.355045	13.355045	13.355045	13.355045	13.355045	13.355045	13.355045	13.355045	13.355045	17.296711	17.296711	17.296711	17.296711	17.296711	17.296711	17.296711	17.296711	17.296711	17.296711	21.238378	21.238378	21.238378	21.238378	21.238378	21.238378	21.238378	21.238378	21.238378	21.238378	25.180045	25.180045	25.180045	25.180045	25.180045	25.180045	25.180045	25.180045	25.180045	25.180045	29.121711	29.121711	29.121711	29.121711	29.121711	29.121711	29.121711	29.121711	29.121711	29.121711	33.063378	33.063378	33.063378	33.063378	33.063378	33.063378	33.063378	33.063378	33.063378	33.063378
9.710622	9.710622	9.710622	9.710622	9.710622	9.710622	9.710622	9.710622	9.710622	9.710622	13.652289	13.652289	13.652289	13.652289	13.652289	13.652289	13.652289	13.652289	13.652289	13.652289	17.593955	17.593955	17.593955	17.593955	17.593955	17.593955	17.593955	17.593955	17.593955	17.593955	21.535622	21.535622	21.535622	21.535622	21.535622	21.535622	21.535622	21.535622	21.535622	21.535622	25.477289	25.477289	25.477289	25.477289	25.477289	25.477289	25.477289	25.477289	25.477289	25.477289	29.418955	29.418955	29.418955	29.418955	29.418955	29.418955	29.418955	29.418955	29.418955	29.418955	33.360622	33.360622	33.360622	33.360622	33.360622	33.360622	33.360622	33.360622	33.360622	33.360622
10.007472	10.007472	10.007472	10.007472	10.007472	10.007472	10.007472	10.007472	10.007472	10.007472	13.949139	13.949139	13.949139	13.949139	13.949139	13.949139	13.949139	13.949139	13.949139	13.949139	17.890806	17.890806	17.890806	17.890806	17.890806	17.890806	17.890806	17.890806	17.890806	17.890806	21.832472	21.832472	21.832472	21.832472	21.832472	21.832472	21.832472	21.832472	21.832472	21.832472	25.774139	25.774139	25.774139	25.774139	25.774139	25.774139	25.774139	25.774139	25.774139	25.774139	29.715806	29.715806	29.715806	29.715806	29.715806	29.715806	29.715806	29.715806	29.715806	29.715806	33.657472	33.657472	33.657472	33.657472	33.657472	33.657472	33.657472	33.657472	33.657472	33.657472
10.304323	10.304323	10.304323	10.304323	10.304323	10.304323	10.304323	10.304323	10.304323	10.304323	14.245989	14.245989	14.245989	14.245989	14.245989	14.245989	14.245989	14.245989	14.245989	14.245989	18.187656	18.187656	18.187656	18.187656	18.187656	18.187656	18.187656	18.187656	18.187656	18.187656	22.129323	22.129323	22.129323	22.129323	22.129323	22.129323	22.129323	22.129323	22.129323	22.129323	26.070989	26.070989	26.070989	26.070989	26.070989	26.070989	26.070989	26.070989	26.070989	26.070989	30.012656	30.012656	30.012656	30.012656	30.012656	30.012656	30.012656	30.012656	30.012656	30.012656	33.954323	33.954323	33.954323	33.954323	33.954323	33.954323	33.954323	33.954323	33.954323	33.954323
10.601173	10.601173	10.601173	10.601173	10.601173	10.601173	10.601173	10.601173	10.601173	10.601173	14.54284	14.54284	14.54284	14.54284	14.54284	14.54284	14.54284	14.54284	14.54284	14.54284	18.484507	18.484507	18.484507	18.484507	18.484507	18.484507	18.484507	18.484507	18.484507	18.484507	22.426173	22.426173	22.426173	22.426173	22.426173	22.426173	22.426173	22.426173	22.426173	22.426173	26.36784	26.36784	26.36784	26.36784	26.36784	26.36784	26.36784	26.36784	26.36784	26.36784	30.309507	30.309507	30.309507	30.309507	30.309507	30.309507	30.309507	30.309507	30.309507	30.309507	34.251173	34.251173	34.251173	34.251173	34.251173	34.251173	34.251173	34.251173	34.251173	34.251173
11.005898	11.005898	11.005898	11.005898	11.005898	11.005898	11.005898	11.005898	11.005898	11.005898	14.947564	14.947564	14.947564	14.947564	14.947564	14.947564	14.947564	14.947564	14.947564	14.947564	18.889231	18.889231	18.889231	18.889231	18.889231	18.889231	18.889231	18.889231	18.889231	18.889231	22.830898	22.830898	22.830898	22.830898	22.830898	22.830898	22.830898	22.830898	22.830898	22.830898	26.772564	26.772564	26.772564	26.772564	26.772564	26.772564	26.772564	26.772564	26.772564	26.772564	30.714231	30.714231	30.714231	30.714231	30.714231	30.714231	30.714231	30.714231	30.714231	30.714231	34.655898	34.655898	34.655898	34.655898	34.655898	34.655898	34.655898	34.655898	34.655898	34.655898
11.411016	11.411016	11.411016	11.411016	11.411016	11.411016	11.411016	11.411016	11.411016	11.411016	15.352682	15.352682	15.352682	15.352682	15.352682	15.352682	15.352682	15.352682	15.352682	15.352682	19.294349	19.294349	19.294349	19.294349	19.294349	19.294349	19.294349	19.294349	19.294349	19.294349	23.236016	23.236016	23.236016	23.236016	23.236016	23.236016	23.236016	23.236016	23.236016	23.236016	27.177682	27.177682	27.177682	27.177682	27.177682	27.177682	27.177682	27.177682	27.177682	27.177682	31.119349	31.119349	31.119349	31.119349	31.119349	31.119349	31.119349	31.119349	31.119349	31.119349	35.061016	35.061016	35.061016	35.061016	35.061016	35.061016	35.061016	35.061016	35.061016	35.061016
11.816134	11.816134	11.816134	11.816134	11.816134	11.816134	11.816134	11.816134	11.816134	11.816134	15.757801	15.757801	15.757801	15.757801	15.757801	15.757801	15.757801	15.757801	15.757801	15.757801	19.699467	19.699467	19.699467	19.699467	19.699467	19.699467	19.699467	19.699467	19.699467	19.699467	23.641134	23.641134	23.641134	23.641134	23.641134	23.641134	23.641134	23.641134	23.641134	23.641134	27.582801	27.582801	27.582801	27.582801	27.582801	27.582801	27.582801	27.582801	27.582801	27.582801	31.524467	31.524467	31.524467	31.524467	31.524467	31.524467	31.524467	31.524467	31.524467	31.524467	35.466134	35.466134	35.466134	35.466134	35.466134	35.466134	35.466134	35.466134	35.466134	35.466134
12.221252	12.221252	12.221252	12.221252	12.221252	12.221252	12.221252	12.221252	12.221252	12.221252	16.162919	16.162919	16.162919	16.162919	16.162919	16.162919	16.162919	16.162919	16.162919	16.162919	20.104585	20.104585	20.104585	20.104585	20.104585	20.104585	20.104585	20.104585	20.104585	20.104585	24.046252	24.046252	24.046252	24.046252	24.046252	24.046252	24.046252	24.046252	24.046252	24.046252	27.987919	27.987919	27.987919	27.987919	27.987919	27.987919	27.987919	27.987919	27.987919	27.987919	31.929585	31.929585	31.929585	31.929585	31.929585	31.929585	31.929585	31.929585	31.929585	31.929585	35.871252	35.871252	35.871252	35.871252	35.871252	35.871252	35.871252	35.871252	35.871252	35.871252
12.625976	12.625976	12.625976	12.625976	12.625976	12.625976	12.625976	12.625976	12.625976	12.625976	16.567643	16.567643	16.567643	16.567643	16.567643	16.567643	16.567643	16.567643	16.567643	16.567643	20.50931	20.50931	20.50931	20.50931	20.50931	20.50931	20.50931	20.50931	20.50931	20.50931	24.450976	24.450976	24.450976	24.450976	24.450976	24.450976	24.450976	24.450976	24.450976	24.450976	28.392643	28.392643	28.392643	28.392643	28.392643	28.392643	28.392643	28.392643	28.392643	28.392643	32.33431	32.33431	32.33431	32.33431	32.33431	32.33431	32.33431	32.33431	32.33431	32.33431	36.275976	36.275976	36.275976	36.275976	36.275976	36.275976	36.275976	36.275976	36.275976	36.275976
13.031094	13.031094	13.031094	13.031094	13.031094	13.031094	13.031094	13.031094	13.031094	13.031094	16.972761	16.972761	16.972761	16.972761	16.972761	16.972761	16.972761	16.972761	16.972761	16.972761	20.914428	20.914428	20.914428	20.914428	20.914428	20.914428	20.914428	20.914428	20.914428	20.914428	24.856094	24.856094	24.856094	24.856094	24.856094	24.856094	24.856094	24.856094	24.856094	24.856094	28.797761	28.797761	28.797761	28.797761	28.797761	28.797761	28.797761	28.797761	28.797761	28.797761	32.739428	32.739428	32.739428	32.739428	32.739428	32.739428	32.739428	32.739428	32.739428	32.739428	36.681094	36.681094	36.681094	36.681094	36.681094	36.681094	36.681094	36.681094	36.681094	36.681094
13.436213	13.436213	13.436213	13.436213	13.436213	13.436213	13.436213	13.436213	13.436213	13.436213	17.377879	17.377879	17.377879	17.377879	17.377879	17.377879	17.377879	17.377879	17.377879	17.377879	21.319546	21.319546	21.319546	21.319546	21.319546	21.319546	21.319546	21.319546	21.319546	21.319546	25.261213	25.261213	25.261213	25.261213	25.261213	25.261213	25.261213	25.261213	25.261213	25.261213	29.202879	29.202879	29.202879	29.202879	29.202879	29.202879	29.202879	29.202879	29.202879	29.202879	33.144546	33.144546	33.144546	33.144546	33.144546	33.144546	33.144546	33.144546	33.144546	33.144546	37.086213	37.086213	37.086213	37.086213	37.086213	37.086213	37.086213	37.086213	37.086213	37.086213
13.874402	13.874402	13.874402	13.874402	13.874402	13.874402	13.874402	13.874402	13.874402	13.874402	17.816068	17.816068	17.816068	17.816068	17.816068	17.816068	17.816068	17.816068	17.816068	17.816068	21.757735	21.757735	21.757735	21.757735	21.757735	21.757735	21.757735	21.757735	21.757735	21.757735	25.699402	25.699402	25.699402	25.699402	25.699402	25.699402	25.699402	25.699402	25.699402	25.699402	29.641068	29.641068	29.641068	29.641068	29.641068	29.641068	29.641068	29.641068	29.641068	29.641068	33.582735	33.582735	33.582735	33.582735	33.582735	33.582735	33.582735	33.582735	33.582735	33.582735	37.524402	37.524402	37.524402	37.524402	37.524402	37.524402	37.524402	37.524402	37.524402	37.524402
0	0	0	0	0	0	0	0	0	0	0	0	0	0	0	0	0	0	0	0	0	0	0	0	0	0	0	0	0	0	0	0	0	0	0	0	0	0	0	0	0	0	0	0	0	0	0	0	0	0	0	0	0	0	0	0	0	0	0	0	0	0	0	0	0	0	0	0	0	0
0	0	0	0	0	0	0	0	0	0	0	0	0	0	0	0	0	0	0	0	0	0	0	0	0	0	0	0	0	0	0	0	0	0	0	0	0	0	0	0	0	0	0	0	0	0	0	0	0	0	0	0	0	0	0	0	0	0	0	0	0	0	0	0	0	0	0	0	0	0
0	0	0	0	0	0	0	0	0	0	0	0	0	0	0	0	0	0	0	0	0	0	0	0	0	0	0	0	0	0	0	0	0	0	0	0	0	0	0	0	0	0	0	0	0	0	0	0	0	0	0	0	0	0	0	0	0	0	0	0	0	0	0	0	0	0	0	0	0	0
0	0	0	0	0	0	0	0	0	0	0	0	0	0	0	0	0	0	0	0	0	0	0	0	0	0	0	0	0	0	0	0	0	0	0	0	0	0	0	0	0	0	0	0	0	0	0	0	0	0	0	0	0	0	0	0	0	0	0	0	0	0	0	0	0	0	0	0	0	0
0	0	0	0	0	0	0	0	0	0	0	0	0	0	0	0	0	0	0	0	0	0	0	0	0	0	0	0	0	0	0	0	0	0	0	0	0	0	0	0	0	0	0	0	0	0	0	0	0	0	0	0	0	0	0	0	0	0	0	0	0	0	0	0	0	0	0	0	0	0
0	0	0	0	0	0	0	0	0	0	0	0	0	0	0	0	0	0	0	0	0	0	0	0	0	0	0	0	0	0	0	0	0	0	0	0	0	0	0	0	0	0	0	0	0	0	0	0	0	0	0	0	0	0	0	0	0	0	0	0	0	0	0	0	0	0	0	0	0	0
0	0	0	0	0	0	0	0	0	0	0	0	0	0	0	0	0	0	0	0	0	0	0	0	0	0	0	0	0	0	0	0	0	0	0	0	0	0	0	0	0	0	0	0	0	0	0	0	0	0	0	0	0	0	0	0	0	0	0	0	0	0	0	0	0	0	0	0	0	0
0	0	0	0	0	0	0	0	0	0	0	0	0	0	0	0	0	0	0	0	0	0	0	0	0	0	0	0	0	0	0	0	0	0	0	0	0	0	0	0	0	0	0	0	0	0	0	0	0	0	0	0	0	0	0	0	0	0	0	0	0	0	0	0	0	0	0	0	0	0
0	0	0	0	0	0	0	0	0	0	0	0	0	0	0	0	0	0	0	0	0	0	0	0	0	0	0	0	0	0	0	0	0	0	0	0	0	0	0	0	0	0	0	0	0	0	0	0	0	0	0	0	0	0	0	0	0	0	0	0	0	0	0	0	0	0	0	0	0	0
0	0	0	0	0	0	0	0	0	0	0	0	0	0	0	0	0	0	0	0	0	0	0	0	0	0	0	0	0	0	0	0	0	0	0	0	0	0	0	0	0	0	0	0	0	0	0	0	0	0	0	0	0	0	0	0	0	0	0	0	0	0	0	0	0	0	0	0	0	0
0	0	0	0	0	0	0	0	0	0	0	0	0	0	0	0	0	0	0	0	0	0	0	0	0	0	0	0	0	0	0	0	0	0	0	0	0	0	0	0	0	0	0	0	0	0	0	0	0	0	0	0	0	0	0	0	0	0	0	0	0	0	0	0	0	0	0	0	0	0
0	0	0	0	0	0	0	0	0	0	0	0	0	0	0	0	0	0	0	0	0	0	0	0	0	0	0	0	0	0	0	0	0	0	0	0	0	0	0	0	0	0	0	0	0	0	0	0	0	0	0	0	0	0	0	0	0	0	0	0	0	0	0	0	0	0	0	0	0	0
0	0	0	0	0	0	0	0	0	0	0	0	0	0	0	0	0	0	0	0	0	0	0	0	0	0	0	0	0	0	0	0	0	0	0	0	0	0	0	0	0	0	0	0	0	0	0	0	0	0	0	0	0	0	0	0	0	0	0	0	0	0	0	0	0	0	0	0	0	0
0	0	0	0	0	0	0	0	0	0	0	0	0	0	0	0	0	0	0	0	0	0	0	0	0	0	0	0	0	0	0	0	0	0	0	0	0	0	0	0	0	0	0	0	0	0	0	0	0	0	0	0	0	0	0	0	0	0	0	0	0	0	0	0	0	0	0	0	0	0
0	0	0	0	0	0	0	0	0	0	0	0	0	0	0	0	0	0	0	0	0	0	0	0	0	0	0	0	0	0	0	0	0	0	0	0	0	0	0	0	0	0	0	0	0	0	0	0	0	0	0	0	0	0	0	0	0	0	0	0	0	0	0	0	0	0	0	0	0	0
0	0	0	0	0	0	0	0	0	0	0	0	0	0	0	0	0	0	0	0	0	0	0	0	0	0	0	0	0	0	0	0	0	0	0	0	0	0	0	0	0	0	0	0	0	0	0	0	0	0	0	0	0	0	0	0	0	0	0	0	0	0	0	0	0	0	0	0	0	0
0	0	0	0	0	0	0	0	0	0	0	0	0	0	0	0	0	0	0	0	0	0	0	0	0	0	0	0	0	0	0	0	0	0	0	0	0	0	0	0	0	0	0	0	0	0	0	0	0	0	0	0	0	0	0	0	0	0	0	0	0	0	0	0	0	0	0	0	0	0
0	0	0	0	0	0	0	0	0	0	0	0	0	0	0	0	0	0	0	0	0	0	0	0	0	0	0	0	0	0	0	0	0	0	0	0	0	0	0	0	0	0	0	0	0	0	0	0	0	0	0	0	0	0	0	0	0	0	0	0	0	0	0	0	0	0	0	0	0	0
0	0	0	0	0	0	0	0	0	0	0	0	0	0	0	0	0	0	0	0	0	0	0	0	0	0	0	0	0	0	0	0	0	0	0	0	0	0	0	0	0	0	0	0	0	0	0	0	0	0	0	0	0	0	0	0	0	0	0	0	0	0	0	0	0	0	0	0	0	0
0	0	0	0	0	0	0	0	0	0	0	0	0	0	0	0	0	0	0	0	0	0	0	0	0	0	0	0	0	0	0	0	0	0	0	0	0	0	0	0	0	0	0	0	0	0	0	0	0	0	0	0	0	0	0	0	0	0	0	0	0	0	0	0	0	0	0	0	0	0
0	0	0	0	0	0	0	0	0	0	0	0	0	0	0	0	0	0	0	0	0	0	0	0	0	0	0	0	0	0	0	0	0	0	0	0	0	0	0	0	0	0	0	0	0	0	0	0	0	0	0	0	0	0	0	0	0	0	0	0	0	0	0	0	0	0	0	0	0	0
0	0	0	0	0	0	0	0	0	0	0	0	0	0	0	0	0	0	0	0	0	0	0	0	0	0	0	0	0	0	0	0	0	0	0	0	0	0	0	0	0	0	0	0	0	0	0	0	0	0	0	0	0	0	0	0	0	0	0	0	0	0	0	0	0	0	0	0	0	0
0	0	0	0	0	0	0	0	0	0	0	0	0	0	0	0	0	0	0	0	0	0	0	0	0	0	0	0	0	0	0	0	0	0	0	0	0	0	0	0	0	0	0	0	0	0	0	0	0	0	0	0	0	0	0	0	0	0	0	0	0	0	0	0	0	0	0	0	0	0
0	0	0	0	0	0	0	0	0	0	0	0	0	0	0	0	0	0	0	0	0	0	0	0	0	0	0	0	0	0	0	0	0	0	0	0	0	0	0	0	0	0	0	0	0	0	0	0	0	0	0	0	0	0	0	0	0	0	0	0	0	0	0	0	0	0	0	0	0	0
0	0	0	0	0	0	0	0	0	0	0	0	0	0	0	0	0	0	0	0	0	0	0	0	0	0	0	0	0	0	0	0	0	0	0	0	0	0	0	0	0	0	0	0	0	0	0	0	0	0	0	0	0	0	0	0	0	0	0	0	0	0	0	0	0	0	0	0	0	0
0	0	0	0	0	0	0	0	0	0	0	0	0	0	0	0	0	0	0	0	0	0	0	0	0	0	0	0	0	0	0	0	0	0	0	0	0	0	0	0	0	0	0	0	0	0	0	0	0	0	0	0	0	0	0	0	0	0	0	0	0	0	0	0	0	0	0	0	0	0
0	0	0	0	0	0	0	0	0	0	0	0	0	0	0	0	0	0	0	0	0	0	0	0	0	0	0	0	0	0	0	0	0	0	0	0	0	0	0	0	0	0	0	0	0	0	0	0	0	0	0	0	0	0	0	0	0	0	0	0	0	0	0	0	0	0	0	0	0	0
0	0	0	0	0	0	0	0	0	0	0	0	0	0	0	0	0	0	0	0	0	0	0	0	0	0	0	0	0	0	0	0	0	0	0	0	0	0	0	0	0	0	0	0	0	0	0	0	0	0	0	0	0	0	0	0	0	0	0	0	0	0	0	0	0	0	0	0	0	0
0	0	0	0	0	0	0	0	0	0	0	0	0	0	0	0	0	0	0	0	0	0	0	0	0	0	0	0	0	0	0	0	0	0	0	0	0	0	0	0	0	0	0	0	0	0	0	0	0	0	0	0	0	0	0	0	0	0	0	0	0	0	0	0	0	0	0	0	0	0
0	0	0	0	0	0	0	0	0	0	0	0	0	0	0	0	0	0	0	0	0	0	0	0	0	0	0	0	0	0	0	0	0	0	0	0	0	0	0	0	0	0	0	0	0	0	0	0	0	0	0	0	0	0	0	0	0	0	0	0	0	0	0	0	0	0	0	0	0	0
0	0	0	0	0	0	0	0	0	0	0	0	0	0	0	0	0	0	0	0	0	0	0	0	0	0	0	0	0	0	0	0	0	0	0	0	0	0	0	0	0	0	0	0	0	0	0	0	0	0	0	0	0	0	0	0	0	0	0	0	0	0	0	0	0	0	0	0	0	0
0	0	0	0	0	0	0	0	0	0	0	0	0	0	0	0	0	0	0	0	0	0	0	0	0	0	0	0	0	0	0	0	0	0	0	0	0	0	0	0	0	0	0	0	0	0	0	0	0	0	0	0	0	0	0	0	0	0	0	0	0	0	0	0	0	0	0	0	0	0
0	0	0	0	0	0	0	0	0	0	0	0	0	0	0	0	0	0	0	0	0	0	0	0	0	0	0	0	0	0	0	0	0	0	0	0	0	0	0	0	0	0	0	0	0	0	0	0	0	0	0	0	0	0	0	0	0	0	0	0	0	0	0	0	0	0	0	0	0	0
0	0	0	0	0	0	0	0	0	0	0	0	0	0	0	0	0	0	0	0	0	0	0	0	0	0	0	0	0	0	0	0	0	0	0	0	0	0	0	0	0	0	0	0	0	0	0	0	0	0	0	0	0	0	0	0	0	0	0	0	0	0	0	0	0	0	0	0	0	0
0	0	0	0	0	0	0	0	0	0	0	0	0	0	0	0	0	0	0	0	0	0	0	0	0	0	0	0	0	0	0	0	0	0	0	0	0	0	0	0	0	0	0	0	0	0	0	0	0	0	0	0	0	0	0	0	0	0	0	0	0	0	0	0	0	0	0	0	0	0
0	0	0	0	0	0	0	0	0	0	0	0	0	0	0	0	0	0	0	0	0	0	0	0	0	0	0	0	0	0	0	0	0	0	0	0	0	0	0	0	0	0	0	0	0	0	0	0	0	0	0	0	0	0	0	0	0	0	0	0	0	0	0	0	0	0	0	0	0	0
0	0	0	0	0	0	0	0	0	0	0	0	0	0	0	0	0	0	0	0	0	0	0	0	0	0	0	0	0	0	0	0	0	0	0	0	0	0	0	0	0	0	0	0	0	0	0	0	0	0	0	0	0	0	0	0	0	0	0	0	0	0	0	0	0	0	0	0	0	0
0	0	0	0	0	0	0	0	0	0	0	0	0	0	0	0	0	0	0	0	0	0	0	0	0	0	0	0	0	0	0	0	0	0	0	0	0	0	0	0	0	0	0	0	0	0	0	0	0	0	0	0	0	0	0	0	0	0	0	0	0	0	0	0	0	0	0	0	0	0
0	0	0	0	0	0	0	0	0	0	0	0	0	0	0	0	0	0	0	0	0	0	0	0	0	0	0	0	0	0	0	0	0	0	0	0	0	0	0	0	0	0	0	0	0	0	0	0	0	0	0	0	0	0	0	0	0	0	0	0	0	0	0	0	0	0	0	0	0	0
0	0	0	0	0	0	0	0	0	0	0	0	0	0	0	0	0	0	0	0	0	0	0	0	0	0	0	0	0	0	0	0	0	0	0	0	0	0	0	0	0	0	0	0	0	0	0	0	0	0	0	0	0	0	0	0	0	0	0	0	0	0	0	0	0	0	0	0	0	0
10.699414	10.709932	10.713438	10.699414	10.709932	10.713438	10.698513	10.705526	10.688898	10.6915	10.365391	10.365391	10.379416	10.361883	10.344351	10.358377	10.368896	10.347857	10.358377	10.347857	9.828886	9.762261	9.791436	9.812471	9.738851	9.75638	9.766896	9.749369	9.78092	9.808965	10.489073	10.492578	10.489073	10.496083	10.496083	10.492578	10.482061	10.492578	10.475049	10.489073	10.014734	10.040342	10.035773	10.06032	10.021748	10.02876	10.014734	10.042788	10.036836	10.046293	10.38643	10.382923	10.379416	10.400456	10.38643	10.38643	10.393443	10.393443	10.396949	10.376889	10.496083	10.489073	10.482061	10.478556	10.478556	10.485567	10.485567	10.489073	10.489073	10.485567
10.712761	10.72231	10.703214	10.725492	10.731857	10.72231	10.703214	10.703214	10.703214	10.687301	10.283106	10.3022	10.299019	10.286287	10.279922	10.289471	10.305384	10.292653	10.292653	10.283106	9.983937	9.961658	9.98712	10.003033	9.913918	9.903378	9.928844	9.925661	9.920285	9.98712	10.358596	10.364963	10.349046	10.364963	10.361779	10.358596	10.33313	10.37133	10.336313	10.37133	10.145311	10.138946	10.130339	10.130339	10.120791	10.152617	10.120791	10.158046	10.146253	10.143069	10.394498	10.38495	10.381768	10.400863	10.38495	10.388133	10.394498	10.397681	10.394498	10.381768	10.439055	10.43818	10.43269	10.41908	10.41908	10.425446	10.422263	10.434997	10.441363	10.425446
10.788616	10.785293	10.768675	10.781968	10.788616	10.778645	10.775321	10.76535	10.771998	10.755379	10.240211	10.250182	10.260153	10.246859	10.223593	10.236888	10.256829	10.250182	10.253506	10.233564	10.240211	10.213622	10.220269	10.256829	10.153796	10.173738	10.190355	10.190355	10.19368	10.23024	10.203651	10.246859	10.197003	10.256829	10.246859	10.220269	10.200327	10.236888	10.210299	10.240212	10.236889	10.233565	10.233565	10.236889	10.226917	10.240212	10.233565	10.243535	10.236889	10.236889	10.386454	10.379807	10.376483	10.386454	10.376483	10.376483	10.379807	10.389777	10.386454	10.376483	10.386454	10.389777	10.379807	10.369835	10.369835	10.369835	10.369835	10.389777	10.379807	10.369835
10.801877	10.805065	10.792313	10.808254	10.798689	10.808254	10.779559	10.779559	10.779559	10.776371	10.119586	10.129151	10.135527	10.116398	10.119586	10.119586	10.138716	10.125962	10.116398	10.116398	10.412908	10.396966	10.390589	10.438414	10.377836	10.384212	10.384212	10.396966	10.403342	10.416096	10.062197	10.097268	10.052631	10.106833	10.065385	10.081326	10.07495	10.087704	10.068574	10.090892	10.310883	10.304506	10.291753	10.304506	10.294942	10.304506	10.304506	10.310884	10.320447	10.301319	10.387402	10.381025	10.374648	10.381025	10.368272	10.368272	10.365084	10.377837	10.377837	10.368272	10.463921	10.463921	10.454356	10.454356	10.447979	10.444791	10.444791	10.463921	10.451167	10.454356
10.819891	10.828173	10.828173	10.82892	10.834193	10.825163	10.825163	10.8071	10.789039	10.819141	10.021403	10.042475	10.006351	10.051506	10.000331	10.027424	10.036455	10.021403	10.024413	10.012372	10.614439	10.602399	10.602398	10.626481	10.605409	10.602399	10.596378	10.611429	10.608418	10.605409	10.0786	10.105694	10.060538	10.081611	10.030435	10.081611	10.084621	10.075589	10.084621	10.102683	10.44285	10.436831	10.427799	10.436831	10.418768	10.424788	10.439841	10.436831	10.436831	10.44285	10.436831	10.43382	10.427799	10.424788	10.415758	10.415758	10.418768	10.421778	10.424788	10.421779	10.52413	10.52413	10.527141	10.515099	10.506068	10.503057	10.503057	10.521119	10.506068	10.518108
10.68012	10.687235	10.673004	10.687235	10.676562	10.676562	10.687235	10.68012	10.669447	10.673004	9.918779	9.908106	9.915221	9.943683	9.93301	9.908106	9.925894	9.90099	9.908106	9.908106	10.509352	10.505795	10.502236	10.520025	10.530698	10.523582	10.509352	10.516467	10.51291	10.516467	10.0682	10.071758	10.057528	10.057528	10.018393	10.0682	10.039739	10.061085	10.0682	10.043297	10.359929	10.352814	10.352814	10.349257	10.338583	10.338583	10.363487	10.352814	10.349257	10.356372	10.409737	10.413295	10.409737	10.395506	10.388391	10.395506	10.391949	10.391949	10.395506	10.402621	10.48089	10.477333	10.484448	10.477333	10.470218	10.46666	10.463102	10.477333	10.459544	10.477333
10.628314	10.635706	10.609838	10.624619	10.628314	10.624619	10.63201	10.624619	10.620923	10.620923	9.98899	10.014858	9.992685	10.003772	10.007466	9.992685	9.98416	9.952034	9.93241	9.98899	10.557113	10.553416	10.549721	10.571899	10.568202	10.564506	10.56081	10.56081	10.56081	10.582989	10.059205	10.072876	10.05551	10.080268	10.006339	10.066597	10.051814	10.062901	10.040728	10.044423	10.402888	10.395497	10.395497	10.384411	10.373324	10.380715	10.395497	10.388106	10.388106	10.388106	10.509059	10.501666	10.513754	10.490577	10.494274	10.490577	10.48688	10.490577	10.48688	10.501666	10.531238	10.534935	10.538631	10.534935	10.531238	10.520148	10.512755	10.534935	10.516453	10.531238
10.420793	10.419779	10.412446	10.412446	10.419779	10.419779	10.423445	10.419779	10.423445	10.412446	9.858828	9.888158	9.869825	9.884492	9.888158	9.888158	9.873492	9.851494	9.847828	9.888158	10.441777	10.434444	10.430779	10.452777	10.445443	10.44911	10.44911	10.43811	10.441777	10.456443	9.82583	9.814831	9.811165	9.82583	9.807497	9.811165	9.7855	9.814831	9.814832	9.807498	10.313456	10.30979	10.317122	10.29879	10.295123	10.295123	10.317122	10.29879	10.306122	10.30979	10.412447	10.40878	10.416113	10.401447	10.416113	10.405114	10.397781	10.401447	10.405114	10.419779	10.441777	10.445443	10.445443	10.445443	10.449111	10.441777	10.430779	10.445443	10.430779	10.441777
10.360537	10.383422	10.359619	10.346539	10.357267	10.363806	10.37597	10.362889	10.3727	10.356349	9.806976	9.816786	9.787355	9.803705	9.839676	9.803705	9.836406	9.823326	9.793896	9.780815	10.461886	10.465156	10.451182	10.458617	10.455348	10.458617	10.465156	10.455348	10.448809	10.468426	9.758978	9.75244	9.732823	9.735034	9.739363	9.745901	9.719746	9.739363	9.755709	9.748115	10.313838	10.310568	10.323648	10.297487	10.294217	10.297487	10.307298	10.297487	10.294217	10.307298	10.38905	10.380152	10.38905	10.373614	10.38996	10.376883	10.370344	10.370344	10.367075	10.38996	10.435731	10.445539	10.448808	10.448808	10.445539	10.448808	10.439001	10.44227	10.429193	10.44227
10.361555	10.364956	10.358154	10.347953	10.354753	10.358154	10.358154	10.364956	10.368357	10.358154	9.759653	9.772163	9.721142	9.724543	9.759653	9.735849	9.782367	9.761959	9.76536	9.734747	10.489853	10.496656	10.483051	10.486452	10.489853	10.493256	10.493256	10.47965	10.477175	10.496656	9.829986	9.841268	9.827665	9.814063	9.817463	9.831066	9.824265	9.820865	9.824265	9.824265	10.347954	10.351354	10.354754	10.32755	10.341153	10.337751	10.341153	10.326589	10.329989	10.33339	10.374207	10.381959	10.387813	10.371758	10.384412	10.377608	10.370806	10.367404	10.367404	10.38101	10.469446	10.476248	10.486452	10.486452	10.483051	10.486452	10.483051	10.473774	10.469446	10.483051
10.240289	10.252332	10.240289	10.237277	10.234266	10.240289	10.252332	10.255343	10.252332	10.240289	9.601964	9.598953	9.571855	9.547768	9.641107	9.550777	9.592932	9.617019	9.595942	9.598953	10.366749	10.375782	10.369761	10.366749	10.369761	10.360727	10.369761	10.357716	10.357716	10.37277	9.836819	9.821764	9.824775	9.800688	9.818754	9.821764	9.80972	9.824775	9.824775	9.836819	10.270398	10.270398	10.27943	10.252332	10.267386	10.261366	10.261366	10.249321	10.249321	10.255343	10.333629	10.345672	10.354706	10.336639	10.354706	10.354706	10.336639	10.336639	10.324594	10.345672	10.381804	10.378792	10.393847	10.393847	10.396858	10.399868	10.393847	10.375781	10.378792	10.393847
10.298894	10.308709	10.298894	10.289081	10.298894	10.285809	10.298894	10.298894	10.302166	10.305437	9.745999	9.755815	9.729641	9.710011	9.788529	9.690382	9.72637	9.7689	9.762358	9.74927	10.397041	10.400312	10.406857	10.397041	10.400312	10.387227	10.390498	10.380683	10.390498	10.403585	10.027355	10.030626	10.004454	9.984824	10.004454	9.991367	9.981552	9.99791	10.004454	10.024083	10.354511	10.354511	10.361054	10.341425	10.361054	10.361054	10.344696	10.341425	10.338153	10.338153	10.465745	10.472288	10.47883	10.475559	10.485374	10.485374	10.47883	10.469016	10.462473	10.47883	10.45593	10.459201	10.462473	10.472288	10.47883	10.47883	10.478831	10.45593	10.462473	10.459202
10.237849	10.261109	10.257787	10.237849	10.25114	10.247817	10.25114	10.254463	10.261109	10.254463	9.905559	9.898913	9.892268	9.852392	9.935466	9.835778	9.885621	9.905559	9.918851	9.882298	10.304307	10.310952	10.347505	10.324244	10.310952	10.314276	10.304307	10.297661	10.294338	10.304307	10.111579	10.108255	10.104933	10.094965	10.118225	10.098288	10.091642	10.07835	10.088318	10.12487	10.360796	10.364119	10.374088	10.354151	10.374088	10.374088	10.350827	10.350827	10.347505	10.344181	10.423931	10.417286	10.423931	10.443869	10.453837	10.440546	10.440546	10.430577	10.427254	10.433901	10.503681	10.507004	10.507004	10.516973	10.520295	10.526941	10.526941	10.507004	10.523618	10.516973
10.206339	10.212142	10.217944	10.203438	10.206339	10.200537	10.206339	10.206339	10.223746	10.212142	10.090292	10.064181	10.087391	10.052577	10.1106	10.029367	10.058379	10.064181	10.098995	10.032269	10.197636	10.209241	10.278869	10.23245	10.220845	10.212142	10.197636	10.18313	10.200537	10.197636	10.186031	10.168623	10.177328	10.168623	10.188932	10.177328	10.177328	10.151217	10.177328	10.188932	10.354299	10.3572	10.371706	10.354299	10.368805	10.368805	10.351398	10.360101	10.351398	10.348496	10.351398	10.348496	10.360101	10.374607	10.371706	10.371706	10.371706	10.368805	10.363003	10.360101	10.525469	10.522568	10.522568	10.52837	10.534172	10.548677	10.542875	10.522568	10.542875	10.525469
10.21906	10.19183	10.213614	10.197276	10.193757	10.183662	10.197276	10.210098	10.215545	10.21906	10.327206	10.294524	10.294524	10.28363	10.319035	10.294524	10.286353	10.299971	10.321758	10.259119	10.158353	10.147459	10.240055	10.186385	10.170047	10.172771	10.148264	10.150987	10.153709	10.131927	10.27624	10.27624	10.289855	10.281686	10.287132	10.295301	10.284409	10.270794	10.278963	10.289855	10.379711	10.374266	10.384398	10.38712	10.38712	10.39529	10.368056	10.38712	10.376226	10.373504	10.425249	10.430696	10.438866	10.452482	10.442337	10.447783	10.447036	10.449759	10.434169	10.426	10.581205	10.57576	10.57576	10.578482	10.586651	10.59482	10.597543	10.581205	10.597543	10.581205
10.06205	10.044495	10.090137	10.069072	10.06205	10.053968	10.086625	10.06556	10.072582	10.06556	10.451752	10.433231	10.416644	10.405137	10.429719	10.412161	10.433231	10.405137	10.443766	10.394603	10.039922	10.036409	10.110155	10.075039	10.060991	10.05748	10.019918	10.040983	10.033962	10.009386	10.335894	10.325361	10.335894	10.342916	10.342916	10.349937	10.339405	10.31834	10.335894	10.339405	10.374513	10.378023	10.381535	10.392068	10.392068	10.394603	10.377044	10.394603	10.388556	10.377044	10.478883	10.475371	10.482395	10.503465	10.485907	10.499953	10.496442	10.499953	10.492929	10.47186	10.559652	10.552629	10.546545	10.546545	10.549117	10.560588	10.560588	10.553567	10.564099	10.543034
9.972358	9.948136	9.937755	9.968898	9.955056	9.961976	9.934295	9.968898	9.937755	9.982738	10.563132	10.570975	10.550214	10.574436	10.573516	10.567515	10.552749	10.563132	10.545827	10.563132	10.033591	10.005902	10.03013	10.023208	10.043975	10.054358	10.033591	10.009363	9.99552	10.003499	10.397965	10.403924	10.411805	10.391044	10.387584	10.384124	10.377204	10.380664	10.377204	10.377204	10.387584	10.387584	10.387584	10.377204	10.387584	10.373743	10.386619	10.362391	10.363362	10.362391	10.48793	10.493911	10.497372	10.476606	10.500834	10.501771	10.486989	10.476606	10.476606	10.493911	10.556211	10.559671	10.566593	10.576977	10.573516	10.570055	10.570055	10.567516	10.550215	10.567516
9.937637	9.929806	9.899294	9.919635	9.933196	9.943366	9.916245	9.916245	9.906075	9.912855	10.577329	10.570548	10.560377	10.584108	10.580718	10.580718	10.550207	10.557893	10.551114	10.563767	10.042707	10.025762	10.025762	10.042707	10.035929	10.063045	10.059655	10.015593	9.998647	10.029151	10.391813	10.398592	10.398592	10.381645	10.38748	10.380699	10.371477	10.368088	10.371477	10.377309	10.397651	10.40104	10.40443	10.380699	10.40443	10.40104	10.40104	10.384089	10.384089	10.377309	10.506136	10.509525	10.519697	10.499356	10.523087	10.526476	10.51383	10.506136	10.500273	10.52061	10.57145	10.57484	10.578229	10.591785	10.591785	10.585008	10.591785	10.585008	10.578229	10.588397
9.972431	9.915119	9.924671	9.905567	9.943776	9.985168	9.966064	9.937407	9.921487	9.889647	10.542377	10.520088	10.536008	10.542377	10.539192	10.536008	10.51372	10.516904	10.516904	10.52964	10.048849	10.023376	10.039297	10.039297	10.045666	10.052033	10.074322	10.036113	10.01064	10.039297	10.367254	10.373621	10.373621	10.357701	10.370438	10.360886	10.351334	10.351334	10.351334	10.36407	10.440487	10.443671	10.453223	10.430935	10.459591	10.450039	10.450039	10.430935	10.430935	10.427751	10.507351	10.510535	10.516904	10.500983	10.523272	10.526456	10.520087	10.510535	10.507351	10.526456	10.606057	10.602873	10.602873	10.609241	10.618793	10.612425	10.615609	10.606057	10.606057	10.612426
10.096272	10.130539	10.096272	10.080697	10.108733	10.118079	10.108733	10.086927	10.062006	10.077581	10.68504	10.663235	10.67881	10.681925	10.675695	10.67881	10.657003	10.657003	10.660119	10.67258	10.152346	10.108733	10.118079	10.121195	10.139885	10.118079	10.155461	10.130539	10.108733	10.114964	10.501245	10.50436	10.513706	10.491899	10.513706	10.507476	10.491899	10.485669	10.482554	10.501245	10.604046	10.607162	10.616507	10.60093	10.622736	10.616507	10.610276	10.604046	10.60093	10.5947	10.647658	10.650773	10.653889	10.641428	10.660119	10.666349	10.663235	10.660119	10.650773	10.663235	10.741113	10.741113	10.744228	10.744228	10.747343	10.750459	10.753573	10.741113	10.753573	10.753573
9.928108	9.993539	9.969433	9.972877	9.96599	9.969433	9.962546	9.976321	9.924664	9.979764	10.544526	10.520421	10.541082	10.544526	10.530752	10.541082	10.520421	10.513533	10.530752	10.520421	9.869567	9.876453	9.879898	9.862679	9.869567	9.879898	9.897117	9.869567	9.866123	9.869567	10.389562	10.393004	10.403336	10.382673	10.399892	10.399892	10.389562	10.382673	10.37923	10.403336	10.472209	10.472209	10.48254	10.465322	10.485984	10.485984	10.475653	10.479096	10.468765	10.461878	10.52042	10.52042	10.516977	10.513533	10.534195	10.541082	10.534195	10.530752	10.530752	10.534195	10.630618	10.627174	10.623731	10.627174	10.634062	10.627174	10.634062	10.620287	10.637505	10.630618
9.898629	9.932976	9.970756	9.925038	9.898629	9.912367	9.949087	9.946713	9.898629	9.932976	10.503125	10.478148	10.499691	10.488453	10.495325	10.49876	10.481583	10.471276	10.495325	10.478148	9.801363	9.797927	9.804798	9.773878	9.794491	9.804798	9.804798	9.785286	9.777314	9.764679	10.37261	10.375084	10.382914	10.369174	10.389782	10.389782	10.382914	10.376044	10.369174	10.389782	10.437868	10.437868	10.441302	10.440357	10.45504	10.45504	10.441302	10.45504	10.448172	10.436922	10.519373	10.515938	10.519373	10.522808	10.526243	10.536551	10.533115	10.533115	10.533115	10.533115	10.656791	10.653356	10.653356	10.656791	10.650814	10.650814	10.657683	10.646484	10.670533	10.64992
9.776679	9.806818	9.876936	9.839151	9.770211	9.826218	9.854298	9.818723	9.857532	9.796083	10.475244	10.465542	10.481712	10.462308	10.468777	10.475244	10.465542	10.45584	10.481712	10.462308	9.755084	9.764784	9.76155	9.735683	9.74215	9.764784	9.758317	9.735683	9.738916	9.745384	10.333858	10.333858	10.343557	10.33709	10.350024	10.353257	10.353257	10.345881	10.340323	10.352349	10.381455	10.382358	10.379125	10.38469	10.397626	10.398524	10.378222	10.400861	10.397626	10.387924	10.475245	10.472011	10.468777	10.478478	10.472011	10.481713	10.484947	10.488181	10.488181	10.481713	10.618395	10.608694	10.605461	10.608694	10.605461	10.602228	10.611928	10.598994	10.624862	10.605461
9.689325	9.705894	9.755601	9.712523	9.66613	9.725777	9.725777	9.725777	9.755601	9.661726	10.471364	10.457202	10.467146	10.460516	10.460516	10.47046	10.463832	10.453888	10.480404	10.450573	9.800935	9.810878	9.810878	9.804249	9.787676	9.810878	9.794305	9.800935	9.782109	9.778796	10.335502	10.332188	10.338815	10.335502	10.352071	10.352071	10.352071	10.355384	10.345442	10.352071	10.368639	10.358698	10.361083	10.368639	10.371952	10.371026	10.357767	10.371026	10.375266	10.368639	10.487033	10.483719	10.473775	10.490347	10.477089	10.483719	10.487033	10.487033	10.493662	10.480405	10.596411	10.589782	10.583154	10.579838	10.57321	10.566581	10.57321	10.569895	10.584031	10.56415
9.713208	9.719746	9.772056	9.7034	9.667437	9.736093	9.723017	9.775326	9.749171	9.667437	10.461886	10.44554	10.455348	10.44554	10.44554	10.442271	10.452078	10.442271	10.465156	10.439001	9.922446	9.915907	9.915907	9.919176	9.902829	9.925714	9.912638	9.925715	9.896292	9.906098	10.367075	10.363806	10.367075	10.370344	10.376883	10.383421	10.376883	10.383421	10.383421	10.383421	10.48804	10.474963	10.478231	10.491309	10.478231	10.484771	10.474963	10.48804	10.501118	10.491309	10.524003	10.517464	10.497849	10.524003	10.497849	10.501118	10.510926	10.517464	10.517464	10.501118	10.576313	10.576313	10.569774	10.556696	10.556696	10.546889	10.553427	10.553427	10.576313	10.550158
9.823537	9.81479	9.838117	9.782715	9.768135	9.806042	9.806042	9.867275	9.808957	9.741893	10.400877	10.360055	10.380466	10.386297	10.362971	10.368803	10.39213	10.37755	10.374634	10.365887	9.984804	9.990635	9.984804	9.992657	9.976059	9.978974	9.98772	9.990635	9.99355	9.973143	10.360874	10.355044	10.360874	10.36379	10.36379	10.366706	10.36962	10.372536	10.372536	10.362972	10.47086	10.462111	10.459196	10.482522	10.465027	10.467943	10.459196	10.47669	10.47669	10.473775	10.502933	10.511682	10.49127	10.500018	10.49127	10.49127	10.49127	10.497102	10.500807	10.485438	10.611588	10.605757	10.599926	10.59118	10.579519	10.579519	10.582435	10.594096	10.597011	10.573689
9.990703	10.000209	10.006546	9.949511	9.955847	9.962185	9.981196	10.020184	9.987534	9.915642	10.333809	10.270451	10.304397	10.330642	10.276786	10.289458	10.311633	10.298962	10.270451	10.292626	10.077207	10.08671	10.080375	10.083543	10.074038	10.079424	10.070871	10.08893	10.096213	10.079424	10.364601	10.358263	10.361432	10.377275	10.364601	10.367769	10.367769	10.374106	10.377275	10.361432	10.396287	10.399455	10.386782	10.405793	10.393118	10.393118	10.402624	10.408961	10.405793	10.405793	10.567392	10.564224	10.548382	10.557887	10.538876	10.542044	10.542044	10.548382	10.557887	10.535707	10.633934	10.640272	10.633935	10.624429	10.614923	10.611754	10.605417	10.627598	10.627598	10.608586
10.155686	10.191095	10.158906	10.155686	10.155686	10.178219	10.162125	10.197534	10.175001	10.133155	10.249036	10.191095	10.210409	10.271567	10.168562	10.213628	10.239379	10.220065	10.187877	10.226503	10.175001	10.168564	10.175001	10.191095	10.171782	10.168564	10.168562	10.178219	10.191095	10.171782	10.374575	10.368135	10.361698	10.377792	10.358479	10.361698	10.364917	10.374575	10.377792	10.358479	10.38423	10.371354	10.368135	10.377792	10.358479	10.35526	10.35526	10.361698	10.377792	10.374575	10.580584	10.587023	10.577365	10.574146	10.558052	10.561271	10.554832	10.554832	10.564489	10.554832	10.670713	10.667494	10.667494	10.667494	10.661057	10.648181	10.641743	10.667494	10.6514	10.644962
10.313513	10.327394	10.278811	10.303102	10.313513	10.316984	10.310043	10.334334	10.299632	10.292692	10.143472	10.081009	10.091419	10.164293	10.077538	10.119181	10.129591	10.12265	10.070598	10.129591	10.225751	10.229222	10.222281	10.236165	10.232693	10.222281	10.204925	10.218809	10.236165	10.229222	10.354181	10.340297	10.343767	10.354181	10.336824	10.333354	10.336824	10.347239	10.347239	10.329884	10.448851	10.4315	10.440957	10.43844	10.41762	10.414149	10.41762	10.410679	10.434971	10.4315	10.556429	10.563369	10.556429	10.549488	10.546018	10.542548	10.539078	10.532137	10.542548	10.539078	10.715172	10.718642	10.715172	10.718642	10.7117	10.701286	10.690874	10.722114	10.697816	10.697816
10.503057	10.520554	10.483133	10.487356	10.499736	10.503057	10.507274	10.520554	10.499736	10.493995	10.112214	10.075696	10.065736	10.142092	10.072376	10.115534	10.102255	10.108894	10.045816	10.105575	10.357882	10.35695	10.343668	10.360271	10.357882	10.343668	10.334642	10.346989	10.350308	10.360271	10.4134	10.406758	10.400118	10.410079	10.393476	10.390156	10.390156	10.400118	10.406758	10.383514	10.532942	10.527194	10.520554	10.523873	10.510594	10.503057	10.517235	10.503954	10.513914	10.513914	10.60355	10.60355	10.600229	10.590271	10.593591	10.590271	10.580312	10.576991	10.583631	10.580312	10.78946	10.78614	10.78614	10.79278	10.78946	10.779501	10.762902	10.79278	10.769541	10.776181
10.558586	10.572059	10.541746	10.555219	10.538379	10.558586	10.572059	10.56869	10.558586	10.55185	10.07023	10.039918	10.006239	10.08707	10.033182	10.053391	10.036551	10.053391	9.992767	10.056758	10.349771	10.346403	10.329563	10.346403	10.339668	10.3363	10.332932	10.332932	10.3363	10.346403	10.393556	10.386819	10.386819	10.386819	10.36998	10.366611	10.363243	10.36998	10.373348	10.363243	10.50133	10.50133	10.494595	10.494595	10.484491	10.476837	10.494595	10.474386	10.480205	10.483574	10.5779	10.591373	10.588006	10.567793	10.584638	10.5779	10.564425	10.557687	10.564425	10.571162	10.746337	10.749706	10.749706	10.749706	10.756443	10.743824	10.732862	10.750561	10.730353	10.747192
10.525534	10.521883	10.504622	10.504622	10.508271	10.514585	10.521883	10.525534	10.525534	10.521883	10.072979	10.040132	10.010935	10.083928	10.043781	10.043781	10.032833	10.040132	10.010935	10.048534	10.325836	10.328453	10.311241	10.317504	10.324803	10.31489	10.311241	10.303944	10.311241	10.318539	10.387864	10.391513	10.387864	10.380567	10.37327	10.36962	10.362323	10.3613	10.36962	10.365972	10.492685	10.497325	10.492685	10.489036	10.492685	10.478087	10.499986	10.474438	10.474438	10.478087	10.587576	10.591226	10.591226	10.569328	10.598526	10.591226	10.576627	10.565679	10.572978	10.583927	10.75546	10.75546	10.759109	10.762758	10.770059	10.766409	10.75181	10.762758	10.744511	10.762758
10.510881	10.510881	10.520449	10.530016	10.523639	10.520449	10.520449	10.507693	10.501315	10.498126	9.978322	10.01659	10.007023	10.000646	10.010212	10.010212	10.013401	10.022967	9.978322	9.987888	10.300409	10.294942	10.294032	10.29722	10.303598	10.314071	10.316354	10.313166	10.313166	10.304506	10.451166	10.447103	10.441602	10.441602	10.435225	10.447979	10.454355	10.454355	10.457543	10.454355	10.514932	10.502178	10.492614	10.489427	10.486238	10.489427	10.498991	10.508556	10.514932	10.511744	10.628875	10.628875	10.619308	10.607392	10.600174	10.600174	10.603363	10.606552	10.622498	10.625686	10.785134	10.785134	10.781946	10.775568	10.766001	10.759624	10.753245	10.759624	10.762812	10.775568
10.557274	10.56082	10.564365	10.575005	10.575005	10.585644	10.575005	10.571458	10.564365	10.553726	9.915396	9.922489	9.933127	9.926036	9.926036	9.933127	9.933127	9.982776	9.933127	9.927136	10.405767	10.38804	10.391584	10.39513	10.39513	10.405767	10.412858	10.412858	10.412858	10.412858	10.536946	10.522765	10.51922	10.51922	10.515675	10.522765	10.533401	10.532449	10.536946	10.533401	10.59983	10.593673	10.582098	10.571459	10.567912	10.567912	10.571459	10.585644	10.585644	10.592736	10.720402	10.734588	10.723949	10.716856	10.702671	10.700037	10.713309	10.702671	10.713309	10.724854	10.848944	10.852489	10.848944	10.845397	10.838306	10.827671	10.82058	10.827671	10.824125	10.834762
10.452543	10.445355	10.445355	10.453527	10.459729	10.459729	10.464304	10.467896	10.456136	10.442751	9.735072	9.735072	9.745849	9.742256	9.727887	9.756625	9.767403	9.770994	9.792549	9.742256	10.31702	10.320614	10.313429	10.309836	10.313429	10.31702	10.327798	10.323189	10.327798	10.331389	10.423797	10.409425	10.402239	10.398645	10.398645	10.402239	10.405831	10.409425	10.416611	10.413017	10.50644	10.50644	10.499254	10.48488	10.481287	10.474101	10.477695	10.481287	10.492067	10.502847	10.669065	10.672657	10.668134	10.658287	10.650167	10.647511	10.640326	10.643918	10.651102	10.66188	10.75528	10.762464	10.762464	10.766055	10.758871	10.751686	10.733726	10.737317	10.737317	10.744502
10.46044	10.45392	10.456286	10.46044	10.473478	10.476738	10.473478	10.479998	10.470219	10.45392	9.788938	9.805236	9.795458	9.815015	9.785677	9.798717	9.811755	9.818275	9.815015	9.782417	10.345431	10.33239	10.325869	10.322608	10.322608	10.325869	10.342171	10.342171	10.342171	10.348692	10.410641	10.40738	10.391077	10.387816	10.384556	10.387816	10.391077	10.394338	10.400859	10.400859	10.515855	10.519115	10.519115	10.501933	10.489778	10.486518	10.493036	10.486518	10.499557	10.509336	10.636465	10.633204	10.636465	10.633204	10.620166	10.613647	10.613647	10.610387	10.607127	10.623425	10.779892	10.786411	10.783152	10.789672	10.786411	10.776633	10.760334	10.766853	10.760334	10.763594
10.404403	10.387593	10.40104	10.390955	10.404403	10.427934	10.417849	10.40104	10.417849	10.407763	9.893427	9.90015	9.903512	9.913597	9.87998	9.90015	9.92032	9.930405	9.924726	9.896788	10.344838	10.331395	10.324674	10.32036	10.31123	10.31123	10.321312	10.324674	10.328033	10.337168	10.506161	10.499439	10.496079	10.482635	10.469192	10.472552	10.469192	10.475913	10.485996	10.485081	10.505251	10.505251	10.505251	10.498528	10.485996	10.485081	10.474997	10.48172	10.48172	10.488443	10.575848	10.585932	10.575848	10.579208	10.575848	10.562401	10.548953	10.545591	10.552316	10.553213	10.791837	10.80192	10.804441	10.808641	10.817887	10.808641	10.794356	10.787633	10.785115	10.778394
10.336334	10.320113	10.346067	10.33309	10.323358	10.365533	10.33309	10.323358	10.346067	10.362288	10.073546	10.067058	10.063813	10.070302	10.050836	10.050836	10.086523	10.086523	10.073546	10.073546	10.365533	10.359044	10.3558	10.346067	10.339579	10.339579	10.342823	10.346067	10.349312	10.359044	10.495305	10.495305	10.492061	10.47584	10.47584	10.47584	10.469351	10.469351	10.469351	10.47584	10.569923	10.569923	10.569923	10.569923	10.566679	10.54397	10.540726	10.540726	10.537481	10.550459	10.660765	10.670497	10.667253	10.673741	10.670497	10.660764	10.654276	10.641298	10.647787	10.647787	10.835956	10.8392	10.842444	10.845689	10.855422	10.855422	10.8392	10.8392	10.832711	10.832711
10.217654	10.194934	10.227392	10.217654	10.194934	10.240375	10.181951	10.214409	10.204671	10.263095	10.19818	10.19818	10.17546	10.188443	10.155985	10.172214	10.185196	10.191689	10.191689	10.188443	10.363713	10.36696	10.357223	10.344239	10.334502	10.334502	10.334502	10.334502	10.337748	10.350731	10.396172	10.392926	10.389679	10.389679	10.376697	10.36696	10.373451	10.36696	10.363713	10.376698	10.594162	10.597409	10.590917	10.590917	10.587671	10.58118	10.568196	10.564951	10.564951	10.568196	10.668816	10.681799	10.678554	10.681799	10.685044	10.68829	10.675306	10.662324	10.659079	10.659079	10.899264	10.899264	10.905756	10.912248	10.921986	10.921986	10.918738	10.912248	10.896019	10.896019
10.10403	10.120018	10.101788	10.132808	10.111378	10.143345	10.07941	10.111378	10.104983	10.162525	10.31597	10.325561	10.30638	10.29679	10.290397	10.29679	10.299986	10.303184	10.309577	10.319167	10.383102	10.375815	10.376709	10.370316	10.357529	10.353433	10.356631	10.347038	10.353433	10.363026	10.520563	10.513308	10.519702	10.5229	10.503716	10.500517	10.500517	10.490925	10.490925	10.497319	10.593244	10.602837	10.603679	10.606033	10.609231	10.600483	10.584499	10.574059	10.581302	10.578104	10.763517	10.776304	10.782698	10.785895	10.785895	10.795485	10.789091	10.769912	10.769912	10.766714	10.932945	10.929749	10.935375	10.945733	10.952127	10.951362	10.954559	10.94893	10.938572	10.935375
9.998934	9.992455	9.989439	9.997751	9.991101	9.988708	9.989576	9.993969	9.981401	9.984795	9.988148	9.983538	9.976603	9.982492	9.979985	9.978922	9.975723	9.977317	9.970747	9.972381	9.969205	9.963452	9.966177	9.965377	9.965589	9.965606	9.956654	9.963589	9.962344	9.957105	10.002178	9.999162	9.997111	9.99578	9.995655	9.996163	10.000133	9.991616	9.991421	9.997922	9.995283	9.989371	9.987365	9.993746	9.987668	9.987268	9.990079	9.983966	9.988942	9.986457	9.987268	9.984875	9.985075	9.983229	9.978602	9.983269	9.982241	9.988051	9.988388	9.981664	9.97999	9.970833	9.97185	9.973129	9.971775	9.969833	9.97209	9.973969	9.977619	9.967479
80.982504	81.072448	81.180647	81.165853	81.212833	81.249175	81.319877	81.317194	81.424472	81.458718	81.665556	81.77781	81.770516	81.848421	81.871706	81.869405	81.963845	81.96821	82.01923	82.068563	82.343913	82.262976	82.361833	82.367635	82.393813	82.469294	82.487282	82.560948	82.565881	82.672937	82.843599	82.880956	82.865389	83.000833	82.974238	82.966357	83.103889	83.063853	83.068016	83.065706	83.301762	83.363044	83.366897	83.419476	83.456369	83.439635	83.474821	83.541631	83.57452	83.571718	83.767944	83.768115	83.769913	83.866278	83.86927	83.850004	83.970925	83.959401	83.971571	84.051385	84.18069	84.218421	84.282901	84.274778	84.267119	84.301317	84.31206	84.375909	84.393687	84.366179
29.52	29.52	29.52	29.52	29.52	29.52	29.52	29.52	29.52	29.52	29.52	29.52	29.52	29.52	29.52	29.52	29.52	29.52	29.52	29.52	29.52	29.52	29.52	29.52	29.52	29.52	29.52	29.52	29.52	29.52	29.52	29.52	29.52	29.52	29.52	29.52	29.52	29.52	29.52	29.52	29.52	29.52	29.52	29.52	29.52	29.52	29.52	29.52	29.52	29.52	29.52	29.52	29.52	29.52	29.52	29.52	29.52	29.52	29.52	29.52	29.52	29.52	29.52	29.52	29.52	29.52	29.52	29.52	29.52	29.52
527914200	527916700	527919100	527921500	527923900	527926300	527928700	527931100	527933500	527935900	527949600	527952100	527954500	527956900	527959300	527961700	527964100	527966500	527968900	527971300	527985000	527987500	527989900	527992300	527994700	527997100	527999500	528001900	528004300	528006700	528020400	528022900	528025300	528027700	528030100	528032500	528034900	528037300	528039700	528042100	528055800	528058300	528060700	528063100	528065500	528067900	528070300	528072700	528075100	528077500	528091200	528093700	528096100	528098500	528100900	528103300	528105700	528108100	528110500	528112900	528126600	528129100	528131500	528133900	528136300	528138700	528141100	528143500	528145900	528148300
