0	1	2	3	4	5	6	7	8	9	0	1	2	3	4	5	6	7	8	9	0	1	2	3	4	5	6	7	8	9	0	1	2	3	4	5	6	7	8	9	0	1	2	3	4	5	6	7	8	9	0	1	2	3	4	5	6	7	8	9	0	1	2	3	4	5	6	7	8	9
0	0	0	0	0	0	0	0	0	0	1	1	1	1	1	1	1	1	1	1	2	2	2	2	2	2	2	2	2	2	3	3	3	3	3	3	3	3	3	3	4	4	4	4	4	4	4	4	4	4	5	5	5	5	5	5	5	5	5	5	6	6	6	6	6	6	6	6	6	6
8	8	8	8	8	8	8	8	8	8	8	8	8	8	8	8	8	8	8	8	8	8	8	8	8	8	8	8	8	8	8	8	8	8	8	8	8	8	8	8	8	8	8	8	8	8	8	8	8	8	8	8	8	8	8	8	8	8	8	8	8	8	8	8	8	8	8	8	8	8
0.499598	0.499598	0.499598	0.499598	0.499598	0.499598	0.499598	0.499598	0.499598	0.499598	4.441265	4.441265	4.441265	4.441265	4.441265	4.441265	4.441265	4.441265	4.441265	4.441265	8.382932	8.382932	8.382932	8.382932	8.382932	8.382932	8.382932	8.382932	8.382932	8.382932	12.324598	12.324598	12.324598	12.324598	12.324598	12.324598	12.324598	12.324598	12.324598	12.324598	16.266265	16.266265	16.266265	16.266265	16.266265	16.266265	16.266265	16.266265	16.266265	16.266265	20.207932	20.207932	20.207932	20.207932	20.207932	20.207932	20.207932	20.207932	20.207932	20.207932	24.149598	24.149598	24.149598	24.149598	24.149598	24.149598	24.149598	24.149598	24.149598	24.149598
0.937787	0.937787	0.937787	0.937787	0.937787	0.937787	0.937787	0.937787	0.937787	0.937787	4.879454	4.879454	4.879454	4.879454	4.879454	4.879454	4.879454	4.879454	4.879454	4.879454	8.821121	8.821121	8.821121	8.821121	8.821121	8.821121	8.821121	8.821121	8.821121	8.821121	12.762787	12.762787	12.762787	12.762787	12.762787	12.762787	12.762787	12.762787	12.762787	12.762787	16.704454	16.704454	16.704454	16.704454	16.704454	16.704454	16.704454	16.704454	16.704454	16.704454	20.646121	20.646121	20.646121	20.646121	20.646121	20.646121	20.646121	20.646121	20.646121	20.646121	24.587787	24.587787	24.587787	24.587787	24.587787	24.587787	24.587787	24.587787	24.587787	24.587787
1.342906	1.342906	1.342906	1.342906	1.342906	1.342906	1.342906	1.342906	1.342906	1.342906	5.284572	5.284572	5.284572	5.284572	5.284572	5.284572	5.284572	5.284572	5.284572	5.284572	9.226239	9.226239	9.226239	9.226239	9.226239	9.226239	9.226239	9.226239	9.226239	9.226239	13.167906	13.167906	13.167906	13.167906	13.167906	13.167906	13.167906	13.167906	13.167906	13.167906	17.109572	17.109572	17.109572	17.109572	17.109572	17.109572	17.109572	17.109572	17.109572	17.109572	21.051239	21.051239	21.051239	21.051239	21.051239	21.051239	21.051239	21.051239	21.051239	21.051239	24.992906	24.992906	24.992906	24.992906	24.992906	24.992906	24.992906	24.992906	24.992906	24.992906
1.748024	1.748024	1.748024	1.748024	1.748024	1.748024	1.748024	1.748024	1.748024	1.748024	5.68969	5.68969	5.68969	5.68969	5.68969	5.68969	5.68969	5.68969	5.68969	5.68969	9.631357	9.631357	9.631357	9.631357	9.631357	9.631357	9.631357	9.631357	9.631357	9.631357	13.573024	13.573024	13.573024	13.573024	13.573024	13.573024	13.573024	13.573024	13.573024	13.573024	17.51469	17.51469	17.51469	17.51469	17.51469	17.51469	17.51469	17.51469	17.51469	17.51469	21.456357	21.456357	21.456357	21.456357	21.456357	21.456357	21.456357	21.456357	21.456357	21.456357	25.398024	25.398024	25.398024	25.398024	25.398024	25.398024	25.398024	25.398024	25.398024	25.398024
2.152748	2.152748	2.152748	2.152748	2.152748	2.152748	2.152748	2.152748	2.152748	2.152748	6.094415	6.094415	6.094415	6.094415	6.094415	6.094415	6.094415	6.094415	6.094415	6.094415	10.036081	10.036081	10.036081	10.036081	10.036081	10.036081	10.036081	10.036081	10.036081	10.036081	13.977748	13.977748	13.977748	13.977748	13.977748	13.977748	13.977748	13.977748	13.977748	13.977748	17.919415	17.919415	17.919415	17.919415	17.919415	17.919415	17.919415	17.919415	17.919415	17.919415	21.861081	21.861081	21.861081	21.861081	21.861081	21.861081	21.861081	21.861081	21.861081	21.861081	25.802748	25.802748	25.802748	25.802748	25.802748	25.802748	25.802748	25.802748	25.802748	25.802748
2.557866	2.557866	2.557866	2.557866	2.557866	2.557866	2.557866	2.557866	2.557866	2.557866	6.499533	6.499533	6.499533	6.499533	6.499533	6.499533	6.499533	6.499533	6.499533	6.499533	10.441199	10.441199	10.441199	10.441199	10.441199	10.441199	10.441199	10.441199	10.441199	10.441199	14.382866	14.382866	14.382866	14.382866	14.382866	14.382866	14.382866	14.382866	14.382866	14.382866	18.324533	18.324533	18.324533	18.324533	18.324533	18.324533	18.324533	18.324533	18.324533	18.324533	22.266199	22.266199	22.266199	22.266199	22.266199	22.266199	22.266199	22.266199	22.266199	22.266199	26.207866	26.207866	26.207866	26.207866	26.207866	26.207866	26.207866	26.207866	26.207866	26.207866
2.962984	2.962984	2.962984	2.962984	2.962984	2.962984	2.962984	2.962984	2.962984	2.962984	6.904651	6.904651	6.904651	6.904651	6.904651	6.904651	6.904651	6.904651	6.904651	6.904651	10.846318	10.846318	10.846318	10.846318	10.846318	10.846318	10.846318	10.846318	10.846318	10.846318	14.787984	14.787984	14.787984	14.787984	14.787984	14.787984	14.787984	14.787984	14.787984	14.787984	18.729651	18.729651	18.729651	18.729651	18.729651	18.729651	18.729651	18.729651	18.729651	18.729651	22.671318	22.671318	22.671318	22.671318	22.671318	22.671318	22.671318	22.671318	22.671318	22.671318	26.612984	26.612984	26.612984	26.612984	26.612984	26.612984	26.612984	26.612984	26.612984	26.612984
3.368102	3.368102	3.368102	3.368102	3.368102	3.368102	3.368102	3.368102	3.368102	3.368102	7.309769	7.309769	7.309769	7.309769	7.309769	7.309769	7.309769	7.309769	7.309769	7.309769	11.251436	11.251436	11.251436	11.251436	11.251436	11.251436	11.251436	11.251436	11.251436	11.251436	15.193102	15.193102	15.193102	15.193102	15.193102	15.193102	15.193102	15.193102	15.193102	15.193102	19.134769	19.134769	19.134769	19.134769	19.134769	19.134769	19.134769	19.134769	19.134769	19.134769	23.076436	23.076436	23.076436	23.076436	23.076436	23.076436	23.076436	23.076436	23.076436	23.076436	27.018102	27.018102	27.018102	27.018102	27.018102	27.018102	27.018102	27.018102	27.018102	27.018102
3.772827	3.772827	3.772827	3.772827	3.772827	3.772827	3.772827	3.772827	3.772827	3.772827	7.714493	7.714493	7.714493	7.714493	7.714493	7.714493	7.714493	7.714493	7.714493	7.714493	11.65616	11.65616	11.65616	11.65616	11.65616	11.65616	11.65616	11.65616	11.65616	11.65616	15.597827	15.597827	15.597827	15.597827	15.597827	15.597827	15.597827	15.597827	15.597827	15.597827	19.539493	19.539493	19.539493	19.539493	19.539493	19.539493	19.539493	19.539493	19.539493	19.539493	23.48116	23.48116	23.48116	23.48116	23.48116	23.48116	23.48116	23.48116	23.48116	23.48116	27.422827	27.422827	27.422827	27.422827	27.422827	27.422827	27.422827	27.422827	27.422827	27.422827
4.069677	4.069677	4.069677	4.069677	4.069677	4.069677	4.069677	4.069677	4.069677	4.069677	8.011344	8.011344	8.011344	8.011344	8.011344	8.011344	8.011344	8.011344	8.011344	8.011344	11.953011	11.953011	11.953011	11.953011	11.953011	11.953011	11.953011	11.953011	11.953011	11.953011	15.894677	15.894677	15.894677	15.894677	15.894677	15.894677	15.894677	15.894677	15.894677	15.894677	19.836344	19.836344	19.836344	19.836344	19.836344	19.836344	19.836344	19.836344	19.836344	19.836344	23.778011	23.778011	23.778011	23.778011	23.778011	23.778011	23.778011	23.778011	23.778011	23.778011	27.719677	27.719677	27.719677	27.719677	27.719677	27.719677	27.719677	27.719677	27.719677	27.719677
4.366528	4.366528	4.366528	4.366528	4.366528	4.366528	4.366528	4.366528	4.366528	4.366528	8.308194	8.308194	8.308194	8.308194	8.308194	8.308194	8.308194	8.308194	8.308194	8.308194	12.249861	12.249861	12.249861	12.249861	12.249861	12.249861	12.249861	12.249861	12.249861	12.249861	16.191528	16.191528	16.191528	16.191528	16.191528	16.191528	16.191528	16.191528	16.191528	16.191528	20.133194	20.133194	20.133194	20.133194	20.133194	20.133194	20.133194	20.133194	20.133194	20.133194	24.074861	24.074861	24.074861	24.074861	24.074861	24.074861	24.074861	24.074861	24.074861	24.074861	28.016528	28.016528	28.016528	28.016528	28.016528	28.016528	28.016528	28.016528	28.016528	28.016528
4.663378	4.663378	4.663378	4.663378	4.663378	4.663378	4.663378	4.663378	4.663378	4.663378	8.605045	8.605045	8.605045	8.605045	8.605045	8.605045	8.605045	8.605045	8.605045	8.605045	12.546711	12.546711	12.546711	12.546711	12.546711	12.546711	12.546711	12.546711	12.546711	12.546711	16.488378	16.488378	16.488378	16.488378	16.488378	16.488378	16.488378	16.488378	16.488378	16.488378	20.430045	20.430045	20.430045	20.430045	20.430045	20.430045	20.430045	20.430045	20.430045	20.430045	24.371711	24.371711	24.371711	24.371711	24.371711	24.371711	24.371711	24.371711	24.371711	24.371711	28.313378	28.313378	28.313378	28.313378	28.313378	28.313378	28.313378	28.313378	28.313378	28.313378
4.960622	4.960622	4.960622	4.960622	4.960622	4.960622	4.960622	4.960622	4.960622	4.960622	8.902289	8.902289	8.902289	8.902289	8.902289	8.902289	8.902289	8.902289	8.902289	8.902289	12.843955	12.843955	12.843955	12.843955	12.843955	12.843955	12.843955	12.843955	12.843955	12.843955	16.785622	16.785622	16.785622	16.785622	16.785622	16.785622	16.785622	16.785622	16.785622	16.785622	20.727289	20.727289	20.727289	20.727289	20.727289	20.727289	20.727289	20.727289	20.727289	20.727289	24.668955	24.668955	24.668955	24.668955	24.668955	24.668955	24.668955	24.668955	24.668955	24.668955	28.610622	28.610622	28.610622	28.610622	28.610622	28.610622	28.610622	28.610622	28.610622	28.610622
5.257472	5.257472	5.257472	5.257472	5.257472	5.257472	5.257472	5.257472	5.257472	5.257472	9.199139	9.199139	9.199139	9.199139	9.199139	9.199139	9.199139	9.199139	9.199139	9.199139	13.140806	13.140806	13.140806	13.140806	13.140806	13.140806	13.140806	13.140806	13.140806	13.140806	17.082472	17.082472	17.082472	17.082472	17.082472	17.082472	17.082472	17.082472	17.082472	17.082472	21.024139	21.024139	21.024139	21.024139	21.024139	21.024139	21.024139	21.024139	21.024139	21.024139	24.965806	24.965806	24.965806	24.965806	24.965806	24.965806	24.965806	24.965806	24.965806	24.965806	28.907472	28.907472	28.907472	28.907472	28.907472	28.907472	28.907472	28.907472	28.907472	28.907472
5.554323	5.554323	5.554323	5.554323	5.554323	5.554323	5.554323	5.554323	5.554323	5.554323	9.495989	9.495989	9.495989	9.495989	9.495989	9.495989	9.495989	9.495989	9.495989	9.495989	13.437656	13.437656	13.437656	13.437656	13.437656	13.437656	13.437656	13.437656	13.437656	13.437656	17.379323	17.379323	17.379323	17.379323	17.379323	17.379323	17.379323	17.379323	17.379323	17.379323	21.320989	21.320989	21.320989	21.320989	21.320989	21.320989	21.320989	21.320989	21.320989	21.320989	25.262656	25.262656	25.262656	25.262656	25.262656	25.262656	25.262656	25.262656	25.262656	25.262656	29.204323	29.204323	29.204323	29.204323	29.204323	29.204323	29.204323	29.204323	29.204323	29.204323
5.851173	5.851173	5.851173	5.851173	5.851173	5.851173	5.851173	5.851173	5.851173	5.851173	9.79284	9.79284	9.79284	9.79284	9.79284	9.79284	9.79284	9.79284	9.79284	9.79284	13.734507	13.734507	13.734507	13.734507	13.734507	13.734507	13.734507	13.734507	13.734507	13.734507	17.676173	17.676173	17.676173	17.676173	17.676173	17.676173	17.676173	17.676173	17.676173	17.676173	21.61784	21.61784	21.61784	21.61784	21.61784	21.61784	21.61784	21.61784	21.61784	21.61784	25.559507	25.559507	25.559507	25.559507	25.559507	25.559507	25.559507	25.559507	25.559507	25.559507	29.501173	29.501173	29.501173	29.501173	29.501173	29.501173	29.501173	29.501173	29.501173	29.501173
6.148024	6.148024	6.148024	6.148024	6.148024	6.148024	6.148024	6.148024	6.148024	6.148024	10.08969	10.08969	10.08969	10.08969	10.08969	10.08969	10.08969	10.08969	10.08969	10.08969	14.031357	14.031357	14.031357	14.031357	14.031357	14.031357	14.031357	14.031357	14.031357	14.031357	17.973024	17.973024	17.973024	17.973024	17.973024	17.973024	17.973024	17.973024	17.973024	17.973024	21.91469	21.91469	21.91469	21.91469	21.91469	21.91469	21.91469	21.91469	21.91469	21.91469	25.856357	25.856357	25.856357	25.856357	25.856357	25.856357	25.856357	25.856357	25.856357	25.856357	29.798024	29.798024	29.798024	29.798024	29.798024	29.798024	29.798024	29.798024	29.798024	29.798024
6.444874	6.444874	6.444874	6.444874	6.444874	6.444874	6.444874	6.444874	6.444874	6.444874	10.386541	10.386541	10.386541	10.386541	10.386541	10.386541	10.386541	10.386541	10.386541	10.386541	14.328207	14.328207	14.328207	14.328207	14.328207	14.328207	14.328207	14.328207	14.328207	14.328207	18.269874	18.269874	18.269874	18.269874	18.269874	18.269874	18.269874	18.269874	18.269874	18.269874	22.211541	22.211541	22.211541	22.211541	22.211541	22.211541	22.211541	22.211541	22.211541	22.211541	26.153207	26.153207	26.153207	26.153207	26.153207	26.153207	26.153207	26.153207	26.153207	26.153207	30.094874	30.094874	30.094874	30.094874	30.094874	30.094874	30.094874	30.094874	30.094874	30.094874
6.741724	6.741724	6.741724	6.741724	6.741724	6.741724	6.741724	6.741724	6.741724	6.741724	10.683391	10.683391	10.683391	10.683391	10.683391	10.683391	10.683391	10.683391	10.683391	10.683391	14.625058	14.625058	14.625058	14.625058	14.625058	14.625058	14.625058	14.625058	14.625058	14.625058	18.566724	18.566724	18.566724	18.566724	18.566724	18.566724	18.566724	18.566724	18.566724	18.566724	22.508391	22.508391	22.508391	22.508391	22.508391	22.508391	22.508391	22.508391	22.508391	22.508391	26.450058	26.450058	26.450058	26.450058	26.450058	26.450058	26.450058	26.450058	26.450058	26.450058	30.391724	30.391724	30.391724	30.391724	30.391724	30.391724	30.391724	30.391724	30.391724	30.391724
7.038575	7.038575	7.038575	7.038575	7.038575	7.038575	7.038575	7.038575	7.038575	7.038575	10.980241	10.980241	10.980241	10.980241	10.980241	10.980241	10.980241	10.980241	10.980241	10.980241	14.921908	14.921908	14.921908	14.921908	14.921908	14.921908	14.921908	14.921908	14.921908	14.921908	18.863575	18.863575	18.863575	18.863575	18.863575	18.863575	18.863575	18.863575	18.863575	18.863575	22.805241	22.805241	22.805241	22.805241	22.805241	22.805241	22.805241	22.805241	22.805241	22.805241	26.746908	26.746908	26.746908	26.746908	26.746908	26.746908	26.746908	26.746908	26.746908	26.746908	30.688575	30.688575	30.688575	30.688575	30.688575	30.688575	30.688575	30.688575	30.688575	30.688575
7.335425	7.335425	7.335425	7.335425	7.335425	7.335425	7.335425	7.335425	7.335425	7.335425	11.277092	11.277092	11.277092	11.277092	11.277092	11.277092	11.277092	11.277092	11.277092	11.277092	15.218759	15.218759	15.218759	15.218759	15.218759	15.218759	15.218759	15.218759	15.218759	15.218759	19.160425	19.160425	19.160425	19.160425	19.160425	19.160425	19.160425	19.160425	19.160425	19.160425	23.102092	23.102092	23.102092	23.102092	23.102092	23.102092	23.102092	23.102092	23.102092	23.102092	27.043759	27.043759	27.043759	27.043759	27.043759	27.043759	27.043759	27.043759	27.043759	27.043759	30.985425	30.985425	30.985425	30.985425	30.985425	30.985425	30.985425	30.985425	30.985425	30.985425
7.632276	7.632276	7.632276	7.632276	7.632276	7.632276	7.632276	7.632276	7.632276	7.632276	11.573942	11.573942	11.573942	11.573942	11.573942	11.573942	11.573942	11.573942	11.573942	11.573942	15.515609	15.515609	15.515609	15.515609	15.515609	15.515609	15.515609	15.515609	15.515609	15.515609	19.457276	19.457276	19.457276	19.457276	19.457276	19.457276	19.457276	19.457276	19.457276	19.457276	23.398942	23.398942	23.398942	23.398942	23.398942	23.398942	23.398942	23.398942	23.398942	23.398942	27.340609	27.340609	27.340609	27.340609	27.340609	27.340609	27.340609	27.340609	27.340609	27.340609	31.282276	31.282276	31.282276	31.282276	31.282276	31.282276	31.282276	31.282276	31.282276	31.282276
7.929126	7.929126	7.929126	7.929126	7.929126	7.929126	7.929126	7.929126	7.929126	7.929126	11.870793	11.870793	11.870793	11.870793	11.870793	11.870793	11.870793	11.870793	11.870793	11.870793	15.812459	15.812459	15.812459	15.812459	15.812459	15.812459	15.812459	15.812459	15.812459	15.812459	19.754126	19.754126	19.754126	19.754126	19.754126	19.754126	19.754126	19.754126	19.754126	19.754126	23.695793	23.695793	23.695793	23.695793	23.695793	23.695793	23.695793	23.695793	23.695793	23.695793	27.637459	27.637459	27.637459	27.637459	27.637459	27.637459	27.637459	27.637459	27.637459	27.637459	31.579126	31.579126	31.579126	31.579126	31.579126	31.579126	31.579126	31.579126	31.579126	31.579126
8.225976	8.225976	8.225976	8.225976	8.225976	8.225976	8.225976	8.225976	8.225976	8.225976	12.167643	12.167643	12.167643	12.167643	12.167643	12.167643	12.167643	12.167643	12.167643	12.167643	16.10931	16.10931	16.10931	16.10931	16.10931	16.10931	16.10931	16.10931	16.10931	16.10931	20.050976	20.050976	20.050976	20.050976	20.050976	20.050976	20.050976	20.050976	20.050976	20.050976	23.992643	23.992643	23.992643	23.992643	23.992643	23.992643	23.992643	23.992643	23.992643	23.992643	27.93431	27.93431	27.93431	27.93431	27.93431	27.93431	27.93431	27.93431	27.93431	27.93431	31.875976	31.875976	31.875976	31.875976	31.875976	31.875976	31.875976	31.875976	31.875976	31.875976
8.522827	8.522827	8.522827	8.522827	8.522827	8.522827	8.522827	8.522827	8.522827	8.522827	12.464493	12.464493	12.464493	12.464493	12.464493	12.464493	12.464493	12.464493	12.464493	12.464493	16.40616	16.40616	16.40616	16.40616	16.40616	16.40616	16.40616	16.40616	16.40616	16.40616	20.347827	20.347827	20.347827	20.347827	20.347827	20.347827	20.347827	20.347827	20.347827	20.347827	24.289493	24.289493	24.289493	24.289493	24.289493	24.289493	24.289493	24.289493	24.289493	24.289493	28.23116	28.23116	28.23116	28.23116	28.23116	28.23116	28.23116	28.23116	28.23116	28.23116	32.172827	32.172827	32.172827	32.172827	32.172827	32.172827	32.172827	32.172827	32.172827	32.172827
8.819677	8.819677	8.819677	8.819677	8.819677	8.819677	8.819677	8.819677	8.819677	8.819677	12.761344	12.761344	12.761344	12.761344	12.761344	12.761344	12.761344	12.761344	12.761344	12.761344	16.703011	16.703011	16.703011	16.703011	16.703011	16.703011	16.703011	16.703011	16.703011	16.703011	20.644677	20.644677	20.644677	20.644677	20.644677	20.644677	20.644677	20.644677	20.644677	20.644677	24.586344	24.586344	24.586344	24.586344	24.586344	24.586344	24.586344	24.586344	24.586344	24.586344	28.528011	28.528011	28.528011	28.528011	28.528011	28.528011	28.528011	28.528011	28.528011	28.528011	32.469677	32.469677	32.469677	32.469677	32.469677	32.469677	32.469677	32.469677	32.469677	32.469677
9.116528	9.116528	9.116528	9.116528	9.116528	9.116528	9.116528	9.116528	9.116528	9.116528	13.058194	13.058194	13.058194	13.058194	13.058194	13.058194	13.058194	13.058194	13.058194	13.058194	16.999861	16.999861	16.999861	16.999861	16.999861	16.999861	16.999861	16.999861	16.999861	16.999861	20.941528	20.941528	20.941528	20.941528	20.941528	20.941528	20.941528	20.941528	20.941528	20.941528	24.883194	24.883194	24.883194	24.883194	24.883194	24.883194	24.883194	24.883194	24.883194	24.883194	28.824861	28.824861	28.824861	28.824861	28.824861	28.824861	28.824861	28.824861	28.824861	28.824861	32.766528	32.766528	32.766528	32.766528	32.766528	32.766528	32.766528	32.766528	32.766528	32.766528
9.413378	9.413378	9.413378	9.413378	9.413378	9.413378	9.413378	9.413378	9.413378	9.413378	13.355045	13.355045	13.355045	13.355045	13.355045	13.355045	13.355045	13.355045	13.355045	13.355045	17.296711	17.296711	17.296711	17.296711	17.296711	17.296711	17.296711	17.296711	17.296711	17.296711	21.238378	21.238378	21.238378	21.238378	21.238378	21.238378	21.238378	21.238378	21.238378	21.238378	25.180045	25.180045	25.180045	25.180045	25.180045	25.180045	25.180045	25.180045	25.180045	25.180045	29.121711	29.121711	29.121711	29.121711	29.121711	29.121711	29.121711	29.121711	29.121711	29.121711	33.063378	33.063378	33.063378	33.063378	33.063378	33.063378	33.063378	33.063378	33.063378	33.063378
9.710622	9.710622	9.710622	9.710622	9.710622	9.710622	9.710622	9.710622	9.710622	9.710622	13.652289	13.652289	13.652289	13.652289	13.652289	13.652289	13.652289	13.652289	13.652289	13.652289	17.593955	17.593955	17.593955	17.593955	17.593955	17.593955	17.593955	17.593955	17.593955	17.593955	21.535622	21.535622	21.535622	21.535622	21.535622	21.535622	21.535622	21.535622	21.535622	21.535622	25.477289	25.477289	25.477289	25.477289	25.477289	25.477289	25.477289	25.477289	25.477289	25.477289	29.418955	29.418955	29.418955	29.418955	29.418955	29.418955	29.418955	29.418955	29.418955	29.418955	33.360622	33.360622	33.360622	33.360622	33.360622	33.360622	33.360622	33.360622	33.360622	33.360622
10.007472	10.007472	10.007472	10.007472	10.007472	10.007472	10.007472	10.007472	10.007472	10.007472	13.949139	13.949139	13.949139	13.949139	13.949139	13.949139	13.949139	13.949139	13.949139	13.949139	17.890806	17.890806	17.890806	17.890806	17.890806	17.890806	17.890806	17.890806	17.890806	17.890806	21.832472	21.832472	21.832472	21.832472	21.832472	21.832472	21.832472	21.832472	21.832472	21.832472	25.774139	25.774139	25.774139	25.774139	25.774139	25.774139	25.774139	25.774139	25.774139	25.774139	29.715806	29.715806	29.715806	29.715806	29.715806	29.715806	29.715806	29.715806	29.715806	29.715806	33.657472	33.657472	33.657472	33.657472	33.657472	33.657472	33.657472	33.657472	33.657472	33.657472
10.304323	10.304323	10.304323	10.304323	10.304323	10.304323	10.304323	10.304323	10.304323	10.304323	14.245989	14.245989	14.245989	14.245989	14.245989	14.245989	14.245989	14.245989	14.245989	14.245989	18.187656	18.187656	18.187656	18.187656	18.187656	18.187656	18.187656	18.187656	18.187656	18.187656	22.129323	22.129323	22.129323	22.129323	22.129323	22.129323	22.129323	22.129323	22.129323	22.129323	26.070989	26.070989	26.070989	26.070989	26.070989	26.070989	26.070989	26.070989	26.070989	26.070989	30.012656	30.012656	30.012656	30.012656	30.012656	30.012656	30.012656	30.012656	30.012656	30.012656	33.954323	33.954323	33.954323	33.954323	33.954323	33.954323	33.954323	33.954323	33.954323	33.954323
10.601173	10.601173	10.601173	10.601173	10.601173	10.601173	10.601173	10.601173	10.601173	10.601173	14.54284	14.54284	14.54284	14.54284	14.54284	14.54284	14.54284	14.54284	14.54284	14.54284	18.484507	18.484507	18.484507	18.484507	18.484507	18.484507	18.484507	18.484507	18.484507	18.484507	22.426173	22.426173	22.426173	22.426173	22.426173	22.426173	22.426173	22.426173	22.426173	22.426173	26.36784	26.36784	26.36784	26.36784	26.36784	26.36784	26.36784	26.36784	26.36784	26.36784	30.309507	30.309507	30.309507	30.309507	30.309507	30.309507	30.309507	30.309507	30.309507	30.309507	34.251173	34.251173	34.251173	34.251173	34.251173	34.251173	34.251173	34.251173	34.251173	34.251173
11.005898	11.005898	11.005898	11.005898	11.005898	11.005898	11.005898	11.005898	11.005898	11.005898	14.947564	14.947564	14.947564	14.947564	14.947564	14.947564	14.947564	14.947564	14.947564	14.947564	18.889231	18.889231	18.889231	18.889231	18.889231	18.889231	18.889231	18.889231	18.889231	18.889231	22.830898	22.830898	22.830898	22.830898	22.830898	22.830898	22.830898	22.830898	22.830898	22.830898	26.772564	26.772564	26.772564	26.772564	26.772564	26.772564	26.772564	26.772564	26.772564	26.772564	30.714231	30.714231	30.714231	30.714231	30.714231	30.714231	30.714231	30.714231	30.714231	30.714231	34.655898	34.655898	34.655898	34.655898	34.655898	34.655898	34.655898	34.655898	34.655898	34.655898
11.411016	11.411016	11.411016	11.411016	11.411016	11.411016	11.411016	11.411016	11.411016	11.411016	15.352682	15.352682	15.352682	15.352682	15.352682	15.352682	15.352682	15.352682	15.352682	15.352682	19.294349	19.294349	19.294349	19.294349	19.294349	19.294349	19.294349	19.294349	19.294349	19.294349	23.236016	23.236016	23.236016	23.236016	23.236016	23.236016	23.236016	23.236016	23.236016	23.236016	27.177682	27.177682	27.177682	27.177682	27.177682	27.177682	27.177682	27.177682	27.177682	27.177682	31.119349	31.119349	31.119349	31.119349	31.119349	31.119349	31.119349	31.119349	31.119349	31.119349	35.061016	35.061016	35.061016	35.061016	35.061016	35.061016	35.061016	35.061016	35.061016	35.061016
11.816134	11.816134	11.816134	11.816134	11.816134	11.816134	11.816134	11.816134	11.816134	11.816134	15.757801	15.757801	15.757801	15.757801	15.757801	15.757801	15.757801	15.757801	15.757801	15.757801	19.699467	19.699467	19.699467	19.699467	19.699467	19.699467	19.699467	19.699467	19.699467	19.699467	23.641134	23.641134	23.641134	23.641134	23.641134	23.641134	23.641134	23.641134	23.641134	23.641134	27.582801	27.582801	27.582801	27.582801	27.582801	27.582801	27.582801	27.582801	27.582801	27.582801	31.524467	31.524467	31.524467	31.524467	31.524467	31.524467	31.524467	31.524467	31.524467	31.524467	35.466134	35.466134	35.466134	35.466134	35.466134	35.466134	35.466134	35.466134	35.466134	35.466134
12.221252	12.221252	12.221252	12.221252	12.221252	12.221252	12.221252	12.221252	12.221252	12.221252	16.162919	16.162919	16.162919	16.162919	16.162919	16.162919	16.162919	16.162919	16.162919	16.162919	20.104585	20.104585	20.104585	20.104585	20.104585	20.104585	20.104585	20.104585	20.104585	20.104585	24.046252	24.046252	24.046252	24.046252	24.046252	24.046252	24.046252	24.046252	24.046252	24.046252	27.987919	27.987919	27.987919	27.987919	27.987919	27.987919	27.987919	27.987919	27.987919	27.987919	31.929585	31.929585	31.929585	31.929585	31.929585	31.929585	31.929585	31.929585	31.929585	31.929585	35.871252	35.871252	35.871252	35.871252	35.871252	35.871252	35.871252	35.871252	35.871252	35.871252
12.625976	12.625976	12.625976	12.625976	12.625976	12.625976	12.625976	12.625976	12.625976	12.625976	16.567643	16.567643	16.567643	16.567643	16.567643	16.567643	16.567643	16.567643	16.567643	16.567643	20.50931	20.50931	20.50931	20.50931	20.50931	20.50931	20.50931	20.50931	20.50931	20.50931	24.450976	24.450976	24.450976	24.450976	24.450976	24.450976	24.450976	24.450976	24.450976	24.450976	28.392643	28.392643	28.392643	28.392643	28.392643	28.392643	28.392643	28.392643	28.392643	28.392643	32.33431	32.33431	32.33431	32.33431	32.33431	32.33431	32.33431	32.33431	32.33431	32.33431	36.275976	36.275976	36.275976	36.275976	36.275976	36.275976	36.275976	36.275976	36.275976	36.275976
13.031094	13.031094	13.031094	13.031094	13.031094	13.031094	13.031094	13.031094	13.031094	13.031094	16.972761	16.972761	16.972761	16.972761	16.972761	16.972761	16.972761	16.972761	16.972761	16.972761	20.914428	20.914428	20.914428	20.914428	20.914428	20.914428	20.914428	20.914428	20.914428	20.914428	24.856094	24.856094	24.856094	24.856094	24.856094	24.856094	24.856094	24.856094	24.856094	24.856094	28.797761	28.797761	28.797761	28.797761	28.797761	28.797761	28.797761	28.797761	28.797761	28.797761	32.739428	32.739428	32.739428	32.739428	32.739428	32.739428	32.739428	32.739428	32.739428	32.739428	36.681094	36.681094	36.681094	36.681094	36.681094	36.681094	36.681094	36.681094	36.681094	36.681094
13.436213	13.436213	13.436213	13.436213	13.436213	13.436213	13.436213	13.436213	13.436213	13.436213	17.377879	17.377879	17.377879	17.377879	17.377879	17.377879	17.377879	17.377879	17.377879	17.377879	21.319546	21.319546	21.319546	21.319546	21.319546	21.319546	21.319546	21.319546	21.319546	21.319546	25.261213	25.261213	25.261213	25.261213	25.261213	25.261213	25.261213	25.261213	25.261213	25.261213	29.202879	29.202879	29.202879	29.202879	29.202879	29.202879	29.202879	29.202879	29.202879	29.202879	33.144546	33.144546	33.144546	33.144546	33.144546	33.144546	33.144546	33.144546	33.144546	33.144546	37.086213	37.086213	37.086213	37.086213	37.086213	37.086213	37.086213	37.086213	37.086213	37.086213
13.874402	13.874402	13.874402	13.874402	13.874402	13.874402	13.874402	13.874402	13.874402	13.874402	17.816068	17.816068	17.816068	17.816068	17.816068	17.816068	17.816068	17.816068	17.816068	17.816068	21.757735	21.757735	21.757735	21.757735	21.757735	21.757735	21.757735	21.757735	21.757735	21.757735	25.699402	25.699402	25.699402	25.699402	25.699402	25.699402	25.699402	25.699402	25.699402	25.699402	29.641068	29.641068	29.641068	29.641068	29.641068	29.641068	29.641068	29.641068	29.641068	29.641068	33.582735	33.582735	33.582735	33.582735	33.582735	33.582735	33.582735	33.582735	33.582735	33.582735	37.524402	37.524402	37.524402	37.524402	37.524402	37.524402	37.524402	37.524402	37.524402	37.524402
13	13	13	13	13	13	13	13	13	13	13	13	13	13	13	13	13	13	13	13	13	13	13	13	13	13	13	13	13	13	13	13	13	13	13	13	13	13	13	13	13	13	13	13	13	13	13	13	13	13	13	13	13	13	13	13	13	13	13	13	13	13	13	13	13	13	13	13	13	13
13	13	13	13	13	13	13	13	13	13	13	13	13	13	13	13	13	13	13	13	13	13	13	13	13	13	13	13	13	13	13	13	13	13	13	13	13	13	13	13	13	13	13	13	13	13	13	13	13	13	13	13	13	13	13	13	13	13	13	13	13	13	13	13	13	13	13	13	13	13
13	13	13	13	13	13	13	13	13	13	13	13	13	13	13	13	13	13	13	13	13	13	13	13	13	13	13	13	13	13	13	13	13	13	13	13	13	13	13	13	13	13	13	13	13	13	13	13	13	13	13	13	13	13	13	13	13	13	13	13	13	13	13	13	13	13	13	13	13	13
13	13	13	13	13	13	13	13	13	13	13	13	13	13	13	13	13	13	13	13	13	13	13	13	13	13	13	13	13	13	13	13	13	13	13	13	13	13	13	13	13	13	13	13	13	13	13	13	13	13	13	13	13	13	13	13	13	13	13	13	13	13	13	13	13	13	13	13	13	13
13	13	13	13	13	13	13	13	13	13	13	13	13	13	13	13	13	13	13	13	13	13	13	13	13	13	13	13	13	13	13	13	13	13	13	13	13	13	13	13	13	13	13	13	13	13	13	13	13	13	13	13	13	13	13	13	13	13	13	13	13	13	13	13	13	13	13	13	13	13
13	13	13	13	13	13	13	13	13	13	13	13	13	13	13	13	13	13	13	13	13	13	13	13	13	13	13	13	13	13	13	13	13	13	13	13	13	13	13	13	13	13	13	13	13	13	13	13	13	13	13	13	13	13	13	13	13	13	13	13	13	13	13	13	13	13	13	13	13	13
13	13	13	13	13	13	13	13	13	13	13	13	13	13	13	13	13	13	13	13	13	13	13	13	13	13	13	13	13	13	13	13	13	13	13	13	13	13	13	13	13	13	13	13	13	13	13	13	13	13	13	13	13	13	13	13	13	13	13	13	13	13	13	13	13	13	13	13	13	13
13	13	13	13	13	13	13	13	13	13	13	13	13	13	13	13	13	13	13	13	13	13	13	13	13	13	13	13	13	13	13	13	13	13	13	13	13	13	13	13	13	13	13	13	13	13	13	13	13	13	13	13	13	13	13	13	13	13	13	13	13	13	13	13	13	13	13	13	13	13
13	13	13	13	13	13	13	13	13	13	13	13	13	13	13	13	13	13	13	13	13	13	13	13	13	13	13	13	13	13	13	13	13	13	13	13	13	13	13	13	13	13	13	13	13	13	13	13	13	13	13	13	13	13	13	13	13	13	13	13	13	13	13	13	13	13	13	13	13	13
13	13	13	13	13	13	13	13	13	13	13	13	13	13	13	13	13	13	13	13	13	13	13	13	13	13	13	13	13	13	13	13	13	13	13	13	13	13	13	13	13	13	13	13	13	13	13	13	13	13	13	13	13	13	13	13	13	13	13	13	13	13	13	13	13	13	13	13	13	13
13	13	13	13	13	13	13	13	13	13	13	13	13	13	13	13	13	13	13	13	13	13	13	13	13	13	13	13	13	13	13	13	13	13	13	13	13	13	13	13	13	13	13	13	13	13	13	13	13	13	13	13	13	13	13	13	13	13	13	13	13	13	13	13	13	13	13	13	13	13
13	13	13	13	13	13	13	13	13	13	13	13	13	13	13	13	13	13	13	13	13	13	13	13	13	13	13	13	13	13	13	13	13	13	13	13	13	13	13	13	13	13	13	13	13	13	13	13	13	13	13	13	13	13	13	13	13	13	13	13	13	13	13	13	13	13	13	13	13	13
13	13	13	13	13	13	13	13	13	13	13	13	13	13	13	13	13	13	13	13	13	13	13	13	13	13	13	13	13	13	13	13	13	13	13	13	13	13	13	13	13	13	13	13	13	13	13	13	13	13	13	13	13	13	13	13	13	13	13	13	13	13	13	13	13	13	13	13	13	13
13	13	13	13	13	13	13	13	13	13	13	13	13	13	13	13	13	13	13	13	13	13	13	13	13	13	13	13	13	13	13	13	13	13	13	13	13	13	13	13	13	13	13	13	13	13	13	13	13	13	13	13	13	13	13	13	13	13	13	13	13	13	13	13	13	13	13	13	13	13
13	13	13	13	13	13	13	13	13	13	13	13	13	13	13	13	13	13	13	13	13	13	13	13	13	13	13	13	13	13	13	13	13	13	13	13	13	13	13	13	13	13	13	13	13	13	13	13	13	13	13	13	13	13	13	13	13	13	13	13	13	13	13	13	13	13	13	13	13	13
13	13	13	13	13	13	13	13	13	13	13	13	13	13	13	13	13	13	13	13	13	13	13	13	13	13	13	13	13	13	13	13	13	13	13	13	13	13	13	13	13	13	13	13	13	13	13	13	13	13	13	13	13	13	13	13	13	13	13	13	13	13	13	13	13	13	13	13	13	13
13	13	13	13	13	13	13	13	13	13	13	13	13	13	13	13	13	13	13	13	13	13	13	13	13	13	13	13	13	13	13	13	13	13	13	13	13	13	13	13	13	13	13	13	13	13	13	13	13	13	13	13	13	13	13	13	13	13	13	13	13	13	13	13	13	13	13	13	13	13
13	13	13	13	13	13	13	13	13	13	13	13	13	13	13	13	13	13	13	13	13	13	13	13	13	13	13	13	13	13	13	13	13	13	13	13	13	13	13	13	13	13	13	13	13	13	13	13	13	13	13	13	13	13	13	13	13	13	13	13	13	13	13	13	13	13	13	13	13	13
13	13	13	13	13	13	13	13	13	13	13	13	13	13	13	13	13	13	13	13	13	13	13	13	13	13	13	13	13	13	13	13	13	13	13	13	13	13	13	13	13	13	13	13	13	13	13	13	13	13	13	13	13	13	13	13	13	13	13	13	13	13	13	13	13	13	13	13	13	13
13	13	13	13	13	13	13	13	13	13	13	13	13	13	13	13	13	13	13	13	13	13	13	13	13	13	13	13	13	13	13	13	13	13	13	13	13	13	13	13	13	13	13	13	13	13	13	13	13	13	13	13	13	13	13	13	13	13	13	13	13	13	13	13	13	13	13	13	13	13
13	13	13	13	13	13	13	13	13	13	13	13	13	13	13	13	13	13	13	13	13	13	13	13	13	13	13	13	13	13	13	13	13	13	13	13	13	13	13	13	13	13	13	13	13	13	13	13	13	13	13	13	13	13	13	13	13	13	13	13	13	13	13	13	13	13	13	13	13	13
13	13	13	13	13	13	13	13	13	13	13	13	13	13	13	13	13	13	13	13	13	13	13	13	13	13	13	13	13	13	13	13	13	13	13	13	13	13	13	13	13	13	13	13	13	13	13	13	13	13	13	13	13	13	13	13	13	13	13	13	13	13	13	13	13	13	13	13	13	13
13	13	13	13	13	13	13	13	13	13	13	13	13	13	13	13	13	13	13	13	13	13	13	13	13	13	13	13	13	13	13	13	13	13	13	13	13	13	13	13	13	13	13	13	13	13	13	13	13	13	13	13	13	13	13	13	13	13	13	13	13	13	13	13	13	13	13	13	13	13
13	13	13	13	13	13	13	13	13	13	13	13	13	13	13	13	13	13	13	13	13	13	13	13	13	13	13	13	13	13	13	13	13	13	13	13	13	13	13	13	13	13	13	13	13	13	13	13	13	13	13	13	13	13	13	13	13	13	13	13	13	13	13	13	13	13	13	13	13	13
13	13	13	13	13	13	13	13	13	13	13	13	13	13	13	13	13	13	13	13	13	13	13	13	13	13	13	13	13	13	13	13	13	13	13	13	13	13	13	13	13	13	13	13	13	13	13	13	13	13	13	13	13	13	13	13	13	13	13	13	13	13	13	13	13	13	13	13	13	13
13	13	13	13	13	13	13	13	13	13	13	13	13	13	13	13	13	13	13	13	13	13	13	13	13	13	13	13	13	13	13	13	13	13	13	13	13	13	13	13	13	13	13	13	13	13	13	13	13	13	13	13	13	13	13	13	13	13	13	13	13	13	13	13	13	13	13	13	13	13
13	13	13	13	13	13	13	13	13	13	13	13	13	13	13	13	13	13	13	13	13	13	13	13	13	13	13	13	13	13	13	13	13	13	13	13	13	13	13	13	13	13	13	13	13	13	13	13	13	13	13	13	13	13	13	13	13	13	13	13	13	13	13	13	13	13	13	13	13	13
13	13	13	13	13	13	13	13	13	13	13	13	13	13	13	13	13	13	13	13	13	13	13	13	13	13	13	13	13	13	13	13	13	13	13	13	13	13	13	13	13	13	13	13	13	13	13	13	13	13	13	13	13	13	13	13	13	13	13	13	13	13	13	13	13	13	13	13	13	13
13	13	13	13	13	13	13	13	13	13	13	13	13	13	13	13	13	13	13	13	13	13	13	13	13	13	13	13	13	13	13	13	13	13	13	13	13	13	13	13	13	13	13	13	13	13	13	13	13	13	13	13	13	13	13	13	13	13	13	13	13	13	13	13	13	13	13	13	13	13
13	13	13	13	13	13	13	13	13	13	13	13	13	13	13	13	13	13	13	13	13	13	13	13	13	13	13	13	13	13	13	13	13	13	13	13	13	13	13	13	13	13	13	13	13	13	13	13	13	13	13	13	13	13	13	13	13	13	13	13	13	13	13	13	13	13	13	13	13	13
13	13	13	13	13	13	13	13	13	13	13	13	13	13	13	13	13	13	13	13	13	13	13	13	13	13	13	13	13	13	13	13	13	13	13	13	13	13	13	13	13	13	13	13	13	13	13	13	13	13	13	13	13	13	13	13	13	13	13	13	13	13	13	13	13	13	13	13	13	13
13	13	13	13	13	13	13	13	13	13	13	13	13	13	13	13	13	13	13	13	13	13	13	13	13	13	13	13	13	13	13	13	13	13	13	13	13	13	13	13	13	13	13	13	13	13	13	13	13	13	13	13	13	13	13	13	13	13	13	13	13	13	13	13	13	13	13	13	13	13
13	13	13	13	13	13	13	13	13	13	13	13	13	13	13	13	13	13	13	13	13	13	13	13	13	13	13	13	13	13	13	13	13	13	13	13	13	13	13	13	13	13	13	13	13	13	13	13	13	13	13	13	13	13	13	13	13	13	13	13	13	13	13	13	13	13	13	13	13	13
13	13	13	13	13	13	13	13	13	13	13	13	13	13	13	13	13	13	13	13	13	13	13	13	13	13	13	13	13	13	13	13	13	13	13	13	13	13	13	13	13	13	13	13	13	13	13	13	13	13	13	13	13	13	13	13	13	13	13	13	13	13	13	13	13	13	13	13	13	13
13	13	13	13	13	13	13	13	13	13	13	13	13	13	13	13	13	13	13	13	13	13	13	13	13	13	13	13	13	13	13	13	13	13	13	13	13	13	13	13	13	13	13	13	13	13	13	13	13	13	13	13	13	13	13	13	13	13	13	13	13	13	13	13	13	13	13	13	13	13
13	13	13	13	13	13	13	13	13	13	13	13	13	13	13	13	13	13	13	13	13	13	13	13	13	13	13	13	13	13	13	13	13	13	13	13	13	13	13	13	13	13	13	13	13	13	13	13	13	13	13	13	13	13	13	13	13	13	13	13	13	13	13	13	13	13	13	13	13	13
13	13	13	13	13	13	13	13	13	13	13	13	13	13	13	13	13	13	13	13	13	13	13	13	13	13	13	13	13	13	13	13	13	13	13	13	13	13	13	13	13	13	13	13	13	13	13	13	13	13	13	13	13	13	13	13	13	13	13	13	13	13	13	13	13	13	13	13	13	13
13	13	13	13	13	13	13	13	13	13	13	13	13	13	13	13	13	13	13	13	13	13	13	13	13	13	13	13	13	13	13	13	13	13	13	13	13	13	13	13	13	13	13	13	13	13	13	13	13	13	13	13	13	13	13	13	13	13	13	13	13	13	13	13	13	13	13	13	13	13
13	13	13	13	13	13	13	13	13	13	13	13	13	13	13	13	13	13	13	13	13	13	13	13	13	13	13	13	13	13	13	13	13	13	13	13	13	13	13	13	13	13	13	13	13	13	13	13	13	13	13	13	13	13	13	13	13	13	13	13	13	13	13	13	13	13	13	13	13	13
13	13	13	13	13	13	13	13	13	13	13	13	13	13	13	13	13	13	13	13	13	13	13	13	13	13	13	13	13	13	13	13	13	13	13	13	13	13	13	13	13	13	13	13	13	13	13	13	13	13	13	13	13	13	13	13	13	13	13	13	13	13	13	13	13	13	13	13	13	13
10.678381	10.68098	10.674874	10.681886	10.6915	10.67137	10.667863	10.657347	10.664358	10.657347	10.422463	10.429475	10.432981	10.436487	10.418959	10.432981	10.429475	10.410976	10.414482	10.414482	10.281233	10.284739	10.291753	10.295259	10.319805	10.316298	10.326818	10.319805	10.309286	10.296258	10.061376	10.064881	10.068387	10.071892	10.075398	10.085916	10.075398	10.075398	10.071892	10.064881	10.03928	10.084865	10.110456	10.096433	10.092927	10.102398	10.091878	10.095386	10.095386	10.102398	10.126944	10.13045	10.126944	10.116425	10.106951	10.105905	10.098891	10.103445	10.092927	10.105905	10.149018	10.159536	10.138502	10.151489	10.152525	10.145514	10.134996	10.13045	10.13149	10.127985
10.668205	10.671388	10.670564	10.670564	10.676929	10.671388	10.664197	10.651463	10.654646	10.651463	10.412713	10.412713	10.425446	10.425446	10.415896	10.426324	10.426324	10.413593	10.410411	10.40953	10.286287	10.28947	10.28947	10.295835	10.327662	10.330845	10.33721	10.327662	10.324479	10.311749	10.049812	10.052995	10.056179	10.052995	10.062546	10.075278	10.072095	10.068912	10.068912	10.059362	10.078463	10.116661	10.132579	10.116661	10.116661	10.132579	10.116661	10.119846	10.123028	10.123028	10.100745	10.107112	10.107112	10.100745	10.097562	10.091196	10.075278	10.075278	10.068912	10.078463	10.151678	10.154862	10.151678	10.161229	10.161229	10.158045	10.151678	10.138946	10.132579	10.135762
10.635727	10.63905	10.641508	10.641508	10.651482	10.644832	10.641508	10.631535	10.624886	10.624886	10.356539	10.353216	10.36558	10.375553	10.368904	10.376482	10.376482	10.369834	10.363187	10.353216	10.296714	10.300036	10.300036	10.296714	10.329949	10.336597	10.342308	10.333274	10.343245	10.325686	10.119572	10.116246	10.119572	10.119572	10.122895	10.129545	10.136193	10.139517	10.132869	10.12622	10.05741	10.093971	10.102949	10.087323	10.090648	10.107265	10.084	10.090648	10.087323	10.090648	10.064058	10.069706	10.077353	10.069706	10.069706	10.063056	10.059732	10.053083	10.04311	10.049759	10.179411	10.19271	10.19271	10.196033	10.196033	10.193681	10.18606	10.173738	10.163768	10.167091
10.542772	10.539583	10.55234	10.55234	10.561907	10.558718	10.555529	10.542772	10.536395	10.536395	10.278088	10.274898	10.278088	10.287655	10.290843	10.294032	10.290843	10.294032	10.290843	10.278088	10.265331	10.262141	10.268519	10.262141	10.294032	10.300409	10.309977	10.306787	10.306787	10.300409	10.032535	10.026157	10.022967	10.029346	10.026157	10.035725	10.038913	10.045291	10.038913	10.042102	10.032535	10.08037	10.073992	10.058046	10.064425	10.08037	10.061235	10.061236	10.058046	10.064425	10.045291	10.051669	10.058046	10.061236	10.054858	10.054858	10.04848	10.035725	10.029346	10.035725	10.121826	10.134583	10.140961	10.137772	10.147339	10.14415	10.137772	10.131393	10.115449	10.115449
10.529341	10.52413	10.53316	10.542192	10.548212	10.542192	10.548212	10.539182	10.53316	10.52413	10.271261	10.268251	10.270397	10.27642	10.291474	10.285452	10.288464	10.285452	10.288464	10.273408	10.277282	10.27642	10.279429	10.273408	10.294484	10.30954	10.316417	10.318573	10.316417	10.316417	10.015383	10.009362	10.003342	10.006351	10.000331	10.009362	10.012372	10.021403	10.017477	10.018393	10.020487	10.071674	10.053608	10.047586	10.044576	10.071674	10.053608	10.047586	10.044576	10.047586	10.177057	10.180951	10.189982	10.186972	10.186972	10.183962	10.183962	10.17493	10.159879	10.165899	10.108703	10.117733	10.132786	10.123755	10.129775	10.135797	10.128882	10.122861	10.113828	10.104795
10.42041	10.412309	10.42041	10.423967	10.438198	10.430101	10.430101	10.430101	10.426542	10.419425	10.177444	10.170327	10.173886	10.170327	10.195236	10.18812	10.191679	10.185604	10.196277	10.182046	10.199835	10.189161	10.189161	10.182046	10.20695	10.210507	10.231853	10.228296	10.231853	10.234382	9.963932	9.960374	9.949698	9.942581	9.942581	9.949698	9.946139	9.953256	9.960374	9.960374	9.950798	9.999517	9.982817	9.982817	9.972144	9.997047	9.989933	9.979259	9.972144	9.968586	10.132238	10.135797	10.139354	10.142912	10.142912	10.150027	10.146469	10.141859	10.124066	10.116949	10.042219	10.052896	10.074247	10.056455	10.063571	10.074247	10.070688	10.070688	10.057528	10.052896
10.419322	10.415624	10.415624	10.419322	10.437809	10.426716	10.430413	10.434112	10.435129	10.420343	10.213341	10.205948	10.205948	10.205948	10.228127	10.217037	10.22443	10.22443	10.228127	10.228127	10.238149	10.231824	10.219662	10.215963	10.230753	10.241846	10.256636	10.260332	10.26403	10.260332	10.065483	10.069179	10.058089	10.053278	10.047	10.054394	10.047	10.054394	10.061786	10.058089	10.076572	10.128323	10.106144	10.124626	10.106144	10.124626	10.124626	10.117233	10.10984	10.097647	10.167898	10.175293	10.171596	10.178989	10.182687	10.182687	10.186385	10.186385	10.175293	10.167898	10.10984	10.10984	10.135715	10.117233	10.120931	10.13202	10.135715	10.13202	10.124626	10.117233
10.306122	10.298789	10.302455	10.298789	10.309788	10.313454	10.317121	10.317121	10.313454	10.306122	10.148468	10.137469	10.133803	10.133803	10.148468	10.137469	10.144802	10.144802	10.152134	10.152134	10.067809	10.064142	10.053144	10.045811	10.056809	10.064142	10.071475	10.078808	10.08614	10.082474	10.027479	10.027479	10.023812	10.016479	10.005481	10.012814	10.009147	10.009147	10.016479	10.023812	9.950486	10.012814	9.976151	10.001815	9.990815	9.994482	10.001815	9.998148	9.987149	9.979816	10.082474	10.08614	10.08614	10.089808	10.097139	10.104472	10.104472	10.104472	10.093473	10.08614	10.060475	10.060475	10.078808	10.060475	10.064143	10.071476	10.075142	10.075142	10.071476	10.067809
10.323648	10.310568	10.310568	10.307298	10.314766	10.314766	10.326919	10.324574	10.327844	10.324574	10.236302	10.223225	10.210147	10.216685	10.233032	10.213416	10.216685	10.226494	10.233032	10.232086	10.022801	10.019531	10.009721	9.99664	10.012991	10.016261	10.026072	10.026072	10.039151	10.042421	10.030334	10.032611	10.036872	10.027064	10.010717	10.007448	10.004179	10.010717	10.010717	10.013987	9.938792	9.991102	9.964947	9.994371	9.98356	9.973749	9.9901	9.9901	9.977019	9.977019	10.153605	10.147064	10.153605	10.147064	10.156875	10.163415	10.170916	10.179764	10.161108	10.160145	10.134953	10.125145	10.141491	10.115336	10.121876	10.134953	10.14476	10.14803	10.141491	10.134953
10.367405	10.353799	10.350398	10.350398	10.350398	10.343595	10.357201	10.360602	10.364003	10.364003	10.278969	10.275567	10.268764	10.261962	10.282371	10.261962	10.261962	10.268764	10.278969	10.278969	10.054479	10.051076	10.044274	10.030668	10.044273	10.044273	10.054478	10.057879	10.057878	10.071485	9.983047	9.989851	9.989851	9.98645	9.969442	9.966042	9.959238	9.959238	9.96264	9.969442	10.023865	10.081688	10.06128	10.081688	10.078287	10.064681	10.081688	10.081688	10.074885	10.068083	10.125907	10.125907	10.125907	10.115703	10.125907	10.129308	10.142913	10.156519	10.13271	10.142913	10.217743	10.210941	10.210941	10.193933	10.200737	10.207539	10.214342	10.224546	10.217743	10.217743
10.300507	10.288464	10.282441	10.27642	10.279429	10.273409	10.282441	10.291474	10.291474	10.291474	10.18308	10.18308	10.177057	10.168025	10.18308	10.162003	10.158992	10.165013	10.180069	10.180069	9.957256	9.954247	9.954247	9.942202	9.957256	9.954247	9.960268	9.957256	9.960268	9.96629	9.900048	9.90306	9.90306	9.900048	9.897038	9.891016	9.878972	9.881983	9.875961	9.878972	9.93618	9.9964	9.987368	10.002422	9.9964	9.975323	10.005432	10.002422	9.9964	9.984357	10.032532	10.026509	10.014466	10.011455	10.014466	10.014466	10.032532	10.041565	10.029521	10.029521	10.143937	10.134905	10.128882	10.116838	10.113828	10.125872	10.125872	10.137916	10.140927	10.134905
10.39377	10.387227	10.377412	10.374141	10.374141	10.367599	10.37087	10.374141	10.387227	10.383955	10.262907	10.262907	10.259635	10.256364	10.249821	10.240005	10.236734	10.240005	10.24655	10.259635	10.001182	10.001182	9.99791	9.99791	10.010997	9.99791	10.001182	10.001182	10.001182	10.004453	10.030626	10.037169	10.037169	10.037169	10.030626	10.033897	10.014268	10.004453	10.004453	10.007724	10.010997	10.066614	10.076428	10.082971	10.076428	10.053527	10.0797	10.0797	10.0797	10.073156	10.115686	10.109144	10.092786	10.089515	10.092786	10.099329	10.105871	10.115686	10.112415	10.112415	10.204019	10.204019	10.184389	10.177847	10.171304	10.181118	10.177847	10.187662	10.190933	10.194204
10.383129	10.383129	10.376482	10.367441	10.369835	10.359864	10.359864	10.363188	10.369835	10.379806	10.280096	10.273449	10.277724	10.273449	10.260155	10.254463	10.260155	10.254463	10.260155	10.267755	10.008569	10.008569	10.005246	10.005246	10.028506	10.018538	10.018538	10.011891	10.011891	10.014202	10.040792	10.050763	10.054087	10.05741	10.054087	10.05741	10.040792	10.030821	10.030821	10.027497	10.004232	10.05741	10.065058	10.070704	10.070704	10.041798	10.065058	10.06838	10.06838	10.06838	10.134839	10.128193	10.114902	10.107265	10.100617	10.111578	10.114902	10.12056	10.127207	10.127207	10.223594	10.22027	10.197004	10.197004	10.193681	10.197004	10.200327	10.200327	10.197974	10.204619
10.345595	10.351398	10.342693	10.336891	10.331089	10.322386	10.319485	10.322386	10.325287	10.339792	10.284671	10.273066	10.284671	10.28177	10.261461	10.261461	10.25856	10.249857	10.261461	10.264362	10.046774	10.049675	10.055477	10.046774	10.069983	10.069983	10.067082	10.06128	10.055477	10.058379	10.01196	10.014861	10.026465	10.03517	10.026465	10.029367	10.020663	10.01196	10.003257	10.003257	9.974245	10.026465	10.040972	10.038071	10.040972	10.017762	10.026466	10.038071	10.038071	10.040972	10.165722	10.162821	10.154118	10.139611	10.133809	10.13671	10.142512	10.145413	10.151217	10.157019	10.273066	10.273066	10.246956	10.255659	10.246956	10.244055	10.249857	10.246956	10.246956	10.25856
10.343545	10.343545	10.348992	10.343545	10.335375	10.321758	10.324481	10.319035	10.321758	10.329928	10.324481	10.321758	10.324481	10.327206	10.305417	10.313588	10.308142	10.302694	10.302694	10.308142	10.093806	10.101974	10.10742	10.104696	10.12648	10.12648	10.12648	10.112865	10.110143	10.10742	10.05024	10.05024	10.063033	10.06848	10.069299	10.071203	10.063033	10.06031	10.046694	10.038524	9.994948	10.049417	10.071203	10.054863	10.063033	10.049417	10.047516	10.061131	10.058409	10.069299	10.216337	10.216337	10.205444	10.19183	10.183661	10.183661	10.186384	10.19183	10.191034	10.205444	10.35444	10.351715	10.324481	10.340822	10.332651	10.332651	10.327204	10.324481	10.327204	10.335375
10.292764	10.296275	10.292764	10.296275	10.289251	10.271693	10.268182	10.268182	10.268182	10.275205	10.292764	10.296275	10.299787	10.303298	10.28574	10.299787	10.289252	10.278716	10.282228	10.282228	10.008316	10.009387	10.019919	10.018851	10.040985	10.044495	10.048007	10.033962	10.026941	10.02343	10.030452	10.032898	10.037474	10.051517	10.046946	10.053968	10.050457	10.048007	10.036409	10.022364	10.022364	10.064504	10.096108	10.072581	10.07855	10.085573	10.069071	10.075039	10.076093	10.089086	10.160353	10.156841	10.153331	10.135777	10.132265	10.121733	10.128756	10.132265	10.128756	10.139288	10.325361	10.32788	10.306809	10.320857	10.317346	10.313834	10.303298	10.296275	10.303298	10.306809
10.241255	10.230871	10.220488	10.220488	10.217027	10.217027	10.22741	10.237793	10.230871	10.230871	10.265481	10.268942	10.251637	10.244716	10.262021	10.237793	10.241255	10.244716	10.25856	10.25856	9.971292	9.96437	9.967831	9.957448	9.947064	9.967831	9.971292	9.967831	9.971292	9.978214	9.993119	9.996579	9.996579	9.989658	9.986197	9.979278	9.968897	9.968897	9.968897	9.965437	10.086545	10.148829	10.138448	10.155748	10.154729	10.152288	10.154729	10.151267	10.152288	10.144345	10.099352	10.085507	10.085507	10.078585	10.078585	10.083084	10.100386	10.109734	10.099352	10.103846	10.275865	10.273397	10.273397	10.249176	10.252636	10.252636	10.259556	10.263016	10.269937	10.273397
10.220377	10.220377	10.210204	10.206813	10.200031	10.200031	10.200031	10.216986	10.216986	10.213594	10.247504	10.255262	10.245092	10.238312	10.248483	10.231531	10.228141	10.228141	10.234921	10.241702	9.967098	9.959271	9.956927	9.962663	9.953537	9.966053	9.966053	9.966053	9.969444	9.966053	9.976227	9.979618	9.983008	9.979618	9.979618	9.973878	9.962663	9.959271	9.95249	9.95588	10.116265	10.170508	10.163728	10.190849	10.184069	10.187459	10.187459	10.187459	10.184069	10.184069	10.109485	10.102704	10.095924	10.09152	10.081347	10.09152	10.101692	10.111866	10.105084	10.111866	10.26446	10.26446	10.261068	10.240723	10.240723	10.240723	10.241703	10.247505	10.251873	10.255263
10.207124	10.208052	10.19757	10.188947	10.192131	10.188016	10.185762	10.192131	10.198499	10.198499	10.249444	10.255813	10.255813	10.246261	10.246261	10.232601	10.23034	10.219863	10.233524	10.239892	9.977821	9.974638	9.971452	9.974638	9.974638	9.984192	9.977821	9.974638	9.975616	9.971452	10.001088	10.007456	10.013824	10.007456	10.013824	10.01064	9.997904	9.988352	9.988352	9.981983	10.11253	10.159352	10.162539	10.185762	10.178462	10.181646	10.179396	10.188016	10.181646	10.181646	10.117951	10.111582	10.102028	10.092473	10.086103	10.090242	10.098843	10.109346	10.106162	10.115715	10.195315	10.195315	10.188948	10.173028	10.169844	10.166659	10.173028	10.169844	10.176212	10.185764
10.322798	10.325913	10.325913	10.313451	10.307219	10.304103	10.304103	10.304103	10.310334	10.313451	10.344608	10.350841	10.344608	10.344608	10.341493	10.332146	10.322798	10.322798	10.322798	10.325913	10.148311	10.151426	10.151426	10.154542	10.154542	10.173237	10.167006	10.157659	10.16389	10.154542	10.182585	10.1857	10.198164	10.198164	10.20128	10.20128	10.195048	10.179469	10.176353	10.173237	10.229322	10.279177	10.285408	10.294755	10.297872	10.291639	10.288524	10.297872	10.300987	10.294755	10.260481	10.25425	10.248018	10.23867	10.229322	10.235554	10.235554	10.244903	10.244903	10.25425	10.359314	10.360188	10.349964	10.344608	10.343731	10.331265	10.331265	10.328148	10.337498	10.346848
10.209488	10.216376	10.213935	10.207047	10.20016	10.186385	10.189829	10.189829	10.186385	10.196716	10.148504	10.158835	10.151948	10.155392	10.148504	10.141617	10.12682	10.12682	10.12682	10.12682	10.068264	10.068264	10.071708	10.071708	10.071708	10.099264	10.088931	10.075152	10.078597	10.068264	10.027976	10.024532	10.041751	10.045194	10.045194	10.052081	10.045194	10.034863	10.027976	10.017645	10.100292	10.148503	10.162278	10.158835	10.168154	10.15782	10.15093	10.168154	10.171597	10.171597	10.15782	10.154375	10.15093	10.133709	10.12682	10.137153	10.137153	10.140597	10.137153	10.154375	10.296582	10.303469	10.286251	10.296582	10.289694	10.275919	10.279364	10.271488	10.272476	10.282807
10.240108	10.243544	10.237664	10.250417	10.237664	10.21949	10.216053	10.217052	10.210181	10.213617	10.065891	10.079634	10.076199	10.076199	10.065891	10.072763	10.062456	10.05215	10.055586	10.05215	10.04424	10.051113	10.064857	10.06142	10.064857	10.088911	10.085475	10.075167	10.071731	10.06142	9.954897	9.952522	9.962829	9.972077	9.980006	9.97657	9.97657	9.969699	9.962829	9.952522	10.131166	10.175827	10.19644	10.182697	10.189569	10.178255	10.182697	10.185126	10.188563	10.198873	10.178255	10.174818	10.171382	10.157637	10.147327	10.147327	10.150764	10.157637	10.143891	10.161074	10.320116	10.326987	10.306375	10.323552	10.320116	10.30981	10.299503	10.299503	10.296068	10.306375
10.252091	10.25856	10.255325	10.265028	10.25856	10.245624	10.235921	10.23039	10.229453	10.226219	10.013754	10.033154	10.02992	10.036387	10.016987	10.039621	10.026688	10.01052	10.013754	10.007286	9.981421	9.97172	9.984653	9.990129	9.997586	10.023454	10.019238	10.009535	10.012769	9.990129	9.954556	9.954556	9.954556	9.957788	9.977194	9.977194	9.977194	9.973959	9.973959	9.961023	10.10009	10.142133	10.174474	10.148602	10.148602	10.148602	10.145367	10.148602	10.148602	10.164772	10.190643	10.197113	10.197113	10.187409	10.174473	10.168004	10.164771	10.171239	10.158302	10.171239	10.300603	10.303837	10.287666	10.310306	10.303837	10.297368	10.287666	10.281198	10.281198	10.281198
10.261648	10.274906	10.271591	10.274906	10.274906	10.268277	10.258333	10.251704	10.24839	10.241761	10.036263	10.042892	10.04952	10.052835	10.029634	10.052835	10.04952	10.036263	10.032948	10.023005	9.92357	9.920256	9.926885	9.933513	9.946772	9.966659	9.969973	9.966659	9.963344	9.943457	10.023005	10.01969	10.023005	10.01969	10.036262	10.046206	10.046206	10.042892	10.046206	10.02632	10.066092	10.102552	10.139011	10.105866	10.103541	10.105866	10.105866	10.103541	10.103541	10.116796	10.242717	10.246031	10.246031	10.242717	10.229463	10.226149	10.216208	10.222836	10.202952	10.216208	10.38097	10.387598	10.377654	10.394227	10.400856	10.394227	10.384284	10.37434	10.371026	10.367711
10.261517	10.277867	10.274597	10.281137	10.287677	10.284407	10.274597	10.261517	10.251706	10.245166	10.029341	10.032611	10.039151	10.042421	10.0228	10.052232	10.048962	10.042421	10.035881	10.0228	9.98356	9.977019	9.977019	9.99337	9.99991	10.029341	10.032611	10.032611	10.029341	10.012991	10.039151	10.029341	10.026071	10.029341	10.035881	10.048962	10.058772	10.055502	10.058772	10.052232	10.081662	10.124173	10.143794	10.117633	10.111094	10.114364	10.114364	10.111094	10.107823	10.117633	10.235355	10.248436	10.254976	10.248436	10.241896	10.241896	10.228815	10.225545	10.215736	10.222275	10.467532	10.483882	10.470802	10.490422	10.493692	10.487152	10.477342	10.483882	10.464262	10.454452
10.252169	10.260916	10.265911	10.269663	10.277576	10.274661	10.268827	10.260078	10.245497	10.246337	9.997597	10.006347	10.00343	10.018013	9.997597	10.018013	10.023846	10.018013	10.010153	9.997597	10.013068	10.013068	10.013068	10.010153	10.021816	10.056807	10.062638	10.059723	10.062638	10.048059	10.027648	10.015096	10.012178	10.009263	10.012178	10.023846	10.032595	10.038427	10.038427	10.032595	10.085091	10.12592	10.140503	10.114255	10.108421	10.108421	10.114255	10.108421	10.109292	10.112208	10.211347	10.217179	10.231758	10.228842	10.225926	10.225926	10.220095	10.208431	10.193852	10.2026	10.473774	10.479607	10.47086	10.49127	10.494185	10.500018	10.488354	10.488354	10.47086	10.462111
10.244192	10.252786	10.256867	10.268633	10.274972	10.268633	10.271803	10.262294	10.246448	10.243278	10.003377	10.008748	10.005578	10.011917	10.005578	10.027763	10.025557	10.027763	10.022388	10.006545	9.99704	9.987534	9.987534	9.993871	9.99704	10.038232	10.0414	10.0414	10.047737	10.035064	10.003377	9.993871	9.987534	9.981196	9.981196	9.990702	9.99704	10.006545	10.009714	10.009714	10.104773	10.148198	10.154536	10.135521	10.126013	10.132351	10.135521	10.126013	10.126013	10.126013	10.222013	10.225182	10.240108	10.249617	10.240108	10.246448	10.241025	10.227431	10.20617	10.209338	10.523033	10.526201	10.529369	10.538877	10.551551	10.551551	10.544365	10.542045	10.528518	10.519864
10.245816	10.249036	10.245816	10.258692	10.274788	10.271567	10.274788	10.271568	10.258693	10.242598	10.052682	10.055901	10.043025	10.052682	10.046244	10.071995	10.075214	10.075214	10.078434	10.065557	10.00118	9.981866	9.975429	9.972208	9.981866	10.004398	10.023711	10.023711	10.026931	10.026931	9.991523	9.985085	9.96899	9.956114	9.959332	9.962553	9.96899	9.972208	9.988304	9.988304	10.120279	10.168564	10.168564	10.158906	10.136374	10.155687	10.155686	10.149249	10.133154	10.139592	10.274786	10.281225	10.294101	10.297319	10.294101	10.306976	10.300538	10.294101	10.271567	10.268349	10.512986	10.519424	10.5323	10.529081	10.535519	10.541957	10.535519	10.538737	10.529081	10.519424
10.250049	10.25352	10.246577	10.25352	10.270875	10.270875	10.270875	10.277817	10.267404	10.25699	10.020958	10.017488	10.010545	10.010545	10.017488	10.027901	10.038314	10.038314	10.038314	10.031372	9.99319	9.987312	9.980372	9.973432	9.973432	10.001194	10.011603	10.018544	10.028955	10.018544	9.990782	9.983842	9.973432	9.95848	9.959551	9.96195	9.956079	9.968893	9.975835	9.982778	10.114677	10.15633	10.149387	10.15633	10.135504	10.15633	10.15286	10.145917	10.135504	10.128562	10.296162	10.296162	10.299632	10.306573	10.306573	10.323923	10.320454	10.316983	10.299632	10.292692	10.499966	10.493024	10.518256	10.503437	10.513849	10.517322	10.524263	10.528667	10.517322	10.506908
10.280577	10.280577	10.273935	10.280577	10.293859	10.3005	10.3005	10.3005	10.297179	10.290539	10.011608	10.008287	9.995005	9.995005	10.014929	10.008287	10.014929	10.01825	10.02157	10.02157	10.041493	10.02489	10.011608	10.004967	10.008287	10.028211	10.034852	10.041493	10.054775	10.048134	10.087982	10.084661	10.084661	10.064737	10.061417	10.061417	10.058096	10.064737	10.074699	10.08134	10.101265	10.151073	10.137791	10.154394	10.13447	10.154394	10.152053	10.147753	10.13447	10.124509	10.304765	10.311405	10.314724	10.318044	10.321364	10.331324	10.334643	10.334643	10.321364	10.314724	10.509697	10.506377	10.526301	10.509697	10.509697	10.516339	10.522981	10.529622	10.529622	10.516339
10.234286	10.230918	10.22418	10.220812	10.22755	10.230918	10.244392	10.248734	10.238629	10.241024	9.952352	9.945616	9.932144	9.932144	9.955719	9.928776	9.942248	9.945616	9.959088	9.952352	9.955719	9.959088	9.947942	9.931098	9.92773	9.951311	9.951311	9.954679	9.978261	9.978261	10.126486	10.123117	10.123117	10.113011	10.102905	10.096168	10.092798	10.092798	10.102905	10.109643	10.055742	10.109643	10.08943	10.109643	10.099536	10.109643	10.113011	10.106274	10.099536	10.086061	10.244392	10.241024	10.25113	10.247762	10.241024	10.261237	10.274712	10.267974	10.261237	10.254499	10.426306	10.419568	10.436412	10.412831	10.416199	10.429674	10.426306	10.436412	10.436412	10.429674
10.204367	10.200717	10.189768	10.186118	10.188701	10.189768	10.199652	10.211665	10.204367	10.206952	9.955064	9.951414	9.933161	9.925859	9.951414	9.929511	9.929511	9.936811	9.945242	9.947762	9.930644	9.919694	9.916045	9.916045	9.897797	9.923344	9.926994	9.923344	9.937943	9.941593	10.113125	10.109475	10.116775	10.113125	10.102177	10.091227	10.080278	10.080278	10.083928	10.091227	10.025534	10.083928	10.069329	10.094876	10.082833	10.087578	10.091227	10.090135	10.083928	10.075533	10.199652	10.196	10.19235	10.1887	10.185049	10.196	10.214253	10.214253	10.214253	10.210604	10.401445	10.400432	10.416044	10.375898	10.383197	10.390497	10.394146	10.405096	10.401445	10.405096
10.166472	10.166472	10.172851	10.179228	10.191984	10.185606	10.185606	10.179228	10.169661	10.163283	9.981511	9.978323	9.978323	9.978323	9.997457	9.997457	9.997457	10.007024	9.997457	10.003834	9.98789	9.978323	9.975133	9.968755	9.975133	10.013401	10.026156	10.029345	10.022967	10.026156	10.099503	10.089936	10.077181	10.077181	10.070804	10.077181	10.083558	10.093124	10.096314	10.099504	10.051669	10.061236	10.086747	10.070804	10.070804	10.073992	10.077181	10.070804	10.062198	10.067614	10.176039	10.176976	10.183352	10.196105	10.186541	10.198361	10.186541	10.176976	10.167411	10.161034	10.435225	10.437536	10.441603	10.447979	10.460732	10.454356	10.457543	10.450292	10.435225	10.428849
10.146953	10.139862	10.13277	10.150497	10.164679	10.157588	10.164679	10.161134	10.154043	10.136315	10.097317	10.093771	10.090225	10.090225	10.104407	10.107953	10.115044	10.115044	10.118588	10.118588	10.04059	10.026408	10.019318	10.022862	10.019318	10.051227	10.072498	10.076044	10.072498	10.076044	10.168224	10.157588	10.150497	10.136315	10.136315	10.13986	10.13986	10.157588	10.161133	10.161133	10.157588	10.168224	10.200133	10.189496	10.17886	10.17886	10.189496	10.182405	10.171769	10.17177	10.327767	10.324223	10.334859	10.349041	10.345495	10.349041	10.349041	10.349041	10.334859	10.320677	10.455403	10.462494	10.455403	10.46604	10.476675	10.47313	10.483767	10.483767	10.462494	10.458949
10.021361	10.014174	10.010581	10.010581	10.028547	10.028547	10.032141	10.035734	10.032141	10.024955	10.028547	10.021361	10.017767	10.014174	10.017767	10.024955	10.039327	10.046514	10.039327	10.057293	9.942311	9.927938	9.924345	9.913566	9.909973	9.935125	9.953091	9.960277	9.96387	9.967463	10.161495	10.154309	10.143529	10.129156	10.12197	10.125564	10.118377	10.13275	10.143529	10.147121	10.147123	10.165089	10.20102	10.197427	10.179461	10.168682	10.193834	10.183055	10.168682	10.161495	10.305223	10.298036	10.30163	10.312408	10.316001	10.330375	10.323187	10.323189	10.312408	10.294441	10.398644	10.387865	10.395051	10.395051	10.402237	10.40583	10.420203	10.423796	10.409424	10.402237
10.046455	10.039935	10.030156	10.033417	10.043195	10.052974	10.052974	10.059494	10.056233	10.052974	9.961701	9.948663	9.945404	9.942144	9.942144	9.942144	9.961701	9.968222	9.964962	9.98126	10.033417	10.023637	10.010598	10.000819	9.997559	10.020376	10.033417	10.039935	10.052974	10.049715	10.088831	10.082311	10.079052	10.069272	10.052973	10.056233	10.052973	10.059493	10.072532	10.079052	10.20944	10.225739	10.264855	10.261595	10.248556	10.232258	10.258337	10.251816	10.242038	10.228999	10.388725	10.388725	10.378946	10.391985	10.398505	10.411544	10.408284	10.408284	10.408284	10.385466	10.440882	10.427842	10.424582	10.431103	10.437621	10.444141	10.45718	10.46044	10.4474	10.4474
10.017808	10.000999	9.997638	9.990914	9.997638	10.007723	10.017808	10.02453	10.02117	10.02453	10.017808	10.007723	9.994277	9.987553	9.98083	9.987553	10.000999	10.011085	10.011085	10.027893	10.014447	10.017808	10.007723	9.987553	9.977468	9.997638	10.007723	10.014447	10.027893	10.031255	10.088404	10.08168	10.08168	10.074957	10.054788	10.051426	10.048064	10.044703	10.054788	10.064873	10.182531	10.202702	10.236319	10.236319	10.236319	10.212787	10.236319	10.236319	10.226233	10.209425	10.488444	10.48172	10.478358	10.48172	10.48172	10.498528	10.505251	10.505251	10.511975	10.495168	10.52206	10.511975	10.50189	10.498528	10.505251	10.508614	10.52206	10.532146	10.525421	10.52206
10.044348	10.021636	10.011904	10.008659	10.011904	10.015148	10.02488	10.034614	10.034614	10.041102	10.063812	10.063812	10.044347	10.037858	10.037858	10.031369	10.034614	10.047591	10.057323	10.070301	10.028125	10.031369	10.028125	10.011904	9.998926	10.018393	10.021636	10.02488	10.031369	10.047591	10.125454	10.128698	10.131943	10.125454	10.115722	10.102744	10.0995	10.096255	10.096255	10.0995	10.200073	10.226027	10.268203	10.264959	10.264958	10.251982	10.264959	10.261715	10.258471	10.248737	10.550459	10.54397	10.534237	10.54397	10.540726	10.553703	10.556946	10.56019	10.566679	10.556946	10.553701	10.547215	10.530993	10.530993	10.534237	10.530993	10.54397	10.556946	10.550459	10.553701
10.091069	10.071595	10.058612	10.05212	10.05212	10.04563	10.058612	10.074841	10.078086	10.078086	10.0294	10.026155	10.016417	10.003433	9.993696	9.990451	9.990451	10.003433	10.009926	10.0294	9.977467	9.977467	9.974221	9.96773	9.951501	9.970976	9.974221	9.974221	9.970976	9.99045	10.133264	10.133264	10.139755	10.133265	10.130018	10.123527	10.107299	10.104052	10.104052	10.107299	10.24362	10.272832	10.321518	10.315027	10.321518	10.315027	10.318273	10.315027	10.318273	10.308537	10.555214	10.542231	10.535738	10.535738	10.532493	10.542231	10.555214	10.564951	10.571442	10.558459	10.532493	10.51951	10.503282	10.493544	10.500035	10.500035	10.506527	10.522756	10.51951	10.529247
10.043276	10.033685	10.011302	10.008104	10.008104	9.998512	10.00171	10.020895	10.024092	10.033685	10.046474	10.049672	10.046474	10.030486	10.020895	10.0145	10.017696	10.0145	10.027289	10.052869	10.018671	10.018671	10.021867	10.024092	10.00908	10.021867	10.021867	10.015473	10.012277	10.021867	10.120967	10.130558	10.133754	10.130558	10.130558	10.124165	10.10818	10.095392	10.09859	10.094438	10.276694	10.299076	10.35663	10.353433	10.35663	10.35663	10.350236	10.353433	10.353433	10.350236	10.567664	10.554874	10.542085	10.542085	10.532492	10.542085	10.548479	10.564467	10.570862	10.561269	10.548479	10.542085	10.529295	10.513307	10.513307	10.510109	10.526096	10.529295	10.529295	10.542085
9.963892	9.963601	9.960379	9.963572	9.96003	9.960716	9.955323	9.964532	9.959504	9.955237	9.949473	9.954832	9.950273	9.95354	9.948113	9.950764	9.945857	9.949913	9.940733	9.949816	9.938425	9.935066	9.939064	9.935037	9.930204	9.950044	9.958385	9.962384	9.955786	9.960544	9.95133	9.955111	9.948496	9.952232	9.95386	9.943258	9.947896	9.942983	9.944057	9.940167	9.93911	9.93927	9.985777	9.985577	9.985063	9.977791	9.982795	9.983412	9.987594	9.986091	9.987862	9.981573	9.983549	9.986857	9.976574	9.979173	9.982195	9.980847	9.981253	9.977705	9.982532	9.974089	9.978356	9.970244	9.974615	9.973843	9.978145	9.979539	9.972124	9.972015
80.573258	80.676131	80.667889	80.757802	80.770984	80.868075	80.929706	80.963306	80.966865	81.070762	81.242996	81.30023	81.364679	81.435988	81.379607	81.472111	81.527683	81.438766	81.572675	81.557865	81.769762	81.893464	81.868397	81.971107	81.970425	82.038683	82.087929	82.024738	82.08375	82.136802	82.368361	82.369917	82.4745	82.498127	82.480238	82.481024	82.559794	82.569556	82.664079	82.672056	82.808024	82.870254	82.847877	82.952627	83.031806	82.959123	83.073806	83.072302	83.109532	83.183488	83.366948	83.367952	83.339933	83.419607	83.473913	83.470151	83.562417	83.570964	83.570802	83.618226	83.837325	83.867615	83.871964	83.92781	83.969512	83.970833	83.971123	84.005214	84.057357	84.068813
29.29	29.29	29.29	29.29	29.29	29.29	29.29	29.29	29.29	29.29	29.29	29.29	29.29	29.29	29.29	29.29	29.29	29.29	29.29	29.29	29.29	29.29	29.29	29.29	29.29	29.29	29.29	29.29	29.29	29.29	29.29	29.29	29.29	29.29	29.29	29.29	29.29	29.29	29.29	29.29	29.29	29.29	29.29	29.29	29.29	29.29	29.29	29.29	29.29	29.29	29.29	29.29	29.29	29.29	29.29	29.29	29.29	29.29	29.29	29.29	29.29	29.29	29.29	29.29	29.29	29.29	29.29	29.29	29.29	29.29
90945100	90947640	90950040	90952440	90954850	90957250	90959640	90962040	90964440	90966840	90980570	90983040	90985440	90987840	90990240	90992640	90995040	90997440	90999840	91002240	91015960	91018440	91020840	91023240	91025640	91028040	91030440	91032840	91035240	91037640	91051370	91053840	91056240	91058640	91061040	91063440	91065840	91068240	91070640	91073040	91086760	91089240	91091640	91094040	91096440	91098840	91101270	91103660	91106060	91108460	91122180	91124660	91127060	91129460	91131860	91134260	91136660	91139060	91141460	91143860	91157580	91160060	91162460	91164860	91167260	91169660	91172060	91174460	91176860	91179260
