 1.00000000000000e+000    0.00000000000000e+000
 1.03627632304747e+000    3.83451766767254e-002
 1.08481780719686e+000    9.99591161296603e-002
 1.16561212239203e+000    1.96094616957072e-001
 1.25451831662286e+000    3.03809987345469e-001
 1.33524773678575e+000    3.96012849216393e-001
 1.39592459197248e+000    4.73030273532561e-001
 1.48483078620332e+000    5.80745643920958e-001
 1.53739576235439e+000    6.46183198676141e-001
 1.61014309354619e+000    7.34671468899056e-001
 1.72727862682112e+000    8.73084785359681e-001
 1.87283818423700e+000    1.05399396476200e+000
 2.00223887861384e+000    1.21567604399883e+000
 2.12339790389046e+000    1.35791297576171e+000
 2.23261624322658e+000    1.49654433953081e+000
 2.28109283234368e+000    1.55422564002726e+000
 2.30945196145235e+000    1.59278886401246e+000
 2.36591063954054e+000    1.65418475615692e+000
 2.39829326065090e+000    1.69657159544437e+000
 2.45877543074078e+000    1.76179110289107e+000
 2.52328109283234e+000    1.83083422564003e+000
 2.56760439988319e+000    1.87682663292125e+000
 2.59174535189331e+000    1.89976832473474e+000
 2.61192770693403e+000    1.92281904020247e+000
 2.63204516694247e+000    1.94193711671372e+000
 2.70037963593887e+000    2.00300593789545e+000
 2.77676108893864e+000    2.07172198968169e+000
 2.82893669489601e+000    2.11356371069795e+000
 2.85301275187384e+000    2.13257276355495e+000
 2.88507089782277e+000    2.15529640805996e+000
 2.91719393880398e+000    2.18195269152146e+000
 2.94918718972063e+000    2.20074369706999e+000
 2.96521626269509e+000    2.21210551932250e+000
