% Starttime: 1/24/2019   6:55:06 PM
%time|P01|P1|P02|Patm|T01
0.000	-1.733698E-2	5.269736E-3	0.000000E+0	1.448324E+1	6.727835E+1
0.020	-1.069113E-1	5.269736E-3	0.000000E+0	1.448324E+1	6.726031E+1
0.040	-2.889496E-3	-5.268693E-3	0.000000E+0	1.448324E+1	6.724454E+1
0.060	-2.918391E-1	0.000000E+0	0.000000E+0	1.448324E+1	6.722845E+1
0.080	-5.836782E-1	5.269736E-3	0.000000E+0	1.448324E+1	6.721402E+1
0.100	-5.750097E-1	5.269736E-3	0.000000E+0	1.448324E+1	6.720480E+1
0.120	-1.791487E-1	5.269736E-3	0.000000E+0	1.448324E+1	6.719513E+1
0.140	-1.473643E-1	5.269736E-3	0.000000E+0	1.448324E+1	6.718475E+1
0.160	-2.571651E-1	5.269736E-3	5.341530E-3	1.448324E+1	6.717532E+1
0.180	-6.616945E-1	5.269736E-3	5.341530E-3	1.448324E+1	6.716592E+1
0.200	-4.680983E-1	1.053947E-2	0.000000E+0	1.448324E+1	6.716028E+1
0.220	-1.473643E-1	2.107891E-2	5.341530E-3	1.448324E+1	6.715277E+1
0.240	1.386958E-1	5.796704E-2	1.602459E-2	1.448324E+1	6.714401E+1
0.260	7.223740E-2	9.485513E-2	2.670765E-2	1.448324E+1	6.713501E+1
0.280	-2.398282E-1	1.159340E-1	4.273218E-2	1.448324E+1	6.712558E+1
0.300	-6.645840E-2	8.958539E-2	5.341524E-2	1.448324E+1	6.711865E+1
0.320	2.398282E-1	5.269730E-2	6.943983E-2	1.448324E+1	6.711096E+1
0.340	6.327996E-1	3.688812E-2	7.478133E-2	1.448324E+1	6.709967E+1
0.360	7.426004E-1	5.269736E-3	8.546439E-2	1.448324E+1	6.708978E+1
0.380	3.843029E-1	5.269736E-3	9.614742E-2	1.448324E+1	6.707578E+1
0.400	7.975009E-1	-5.268693E-3	1.121720E-1	1.448324E+1	6.706726E+1
0.420	1.430300E+0	-6.321764E-2	1.281966E-1	1.448324E+1	6.705466E+1
0.440	2.109332E+0	-2.634102E-2	1.281966E-1	1.448324E+1	6.704044E+1
0.460	2.412729E+0	-8.955806E-2	1.228550E-1	1.448324E+1	6.702600E+1
0.480	2.609215E+0	-7.375377E-2	1.388796E-1	1.448324E+1	6.700912E+1
0.500	3.369152E+0	-9.482616E-2	1.602457E-1	1.448324E+1	6.699518E+1
0.520	4.441155E+0	-6.848568E-2	1.655872E-1	1.448324E+1	6.697812E+1
0.539	5.429363E+0	-1.000942E-1	1.869533E-1	1.448324E+1	6.696051E+1
0.560	6.186411E+0	-7.902187E-2	1.976364E-1	1.448324E+1	6.694110E+1
0.580	6.798984E+0	-8.955806E-2	2.083194E-1	1.448324E+1	6.692001E+1
0.600	7.671611E+0	-1.369708E-1	2.029779E-1	1.448324E+1	6.690421E+1
0.620	9.009448E+0	-8.955806E-2	2.190025E-1	1.448324E+1	6.688562E+1
0.639	1.013924E+1	-1.369708E-1	2.243440E-1	1.448324E+1	6.686447E+1
0.660	1.071425E+1	-1.633112E-1	2.243440E-1	1.448324E+1	6.684589E+1
0.679	1.108122E+1	-1.949198E-1	2.563931E-1	1.448324E+1	6.682501E+1
0.699	1.246240E+1	-2.107240E-1	2.510516E-1	1.448324E+1	6.680850E+1
0.719	1.400539E+1	-2.528687E-1	2.777592E-1	1.448324E+1	6.679089E+1
0.740	1.542702E+1	-3.160857E-1	2.991253E-1	1.448324E+1	6.677298E+1
0.760	1.645857E+1	-4.056432E-1	2.670762E-1	1.448324E+1	6.675488E+1
0.780	1.723584E+1	-4.741282E-1	2.296855E-1	1.448324E+1	6.673700E+1
0.799	1.820382E+1	-6.479751E-1	2.350270E-1	1.448324E+1	6.672485E+1
0.820	1.971792E+1	-5.478815E-1	2.190025E-1	1.448324E+1	6.671008E+1
0.840	2.110199E+1	-5.847580E-1	2.136609E-1	1.448324E+1	6.669519E+1
0.860	2.205552E+1	-6.427070E-1	2.350270E-1	1.448324E+1	6.668216E+1
0.879	2.280390E+1	-9.429879E-1	2.563931E-1	1.448324E+1	6.666971E+1
0.899	2.374010E+1	-1.069422E+0	3.151499E-1	1.448324E+1	6.666183E+1
0.919	2.499703E+1	-1.174784E+0	3.258329E-1	1.448324E+1	6.665317E+1
0.939	2.625974E+1	-1.380239E+0	3.258329E-1	1.448324E+1	6.664359E+1
0.959	2.728840E+1	-1.522477E+0	2.991253E-1	1.448324E+1	6.663422E+1
0.979	2.793276E+1	-1.627839E+0	2.724177E-1	1.448324E+1	6.662662E+1
0.999	2.887762E+1	-1.780613E+0	2.190025E-1	1.448324E+1	6.662451E+1
1.019	3.016345E+1	-1.901779E+0	1.602457E-1	1.448324E+1	6.662094E+1
1.039	3.133658E+1	-2.049286E+0	1.762703E-1	1.448324E+1	6.661731E+1
1.059	3.224966E+1	-2.159916E+0	2.029779E-1	1.448324E+1	6.661566E+1
1.079	3.277844E+1	-2.191524E+0	1.388796E-1	1.448324E+1	6.661597E+1
1.099	3.364529E+1	-2.317958E+0	1.549042E-1	1.448324E+1	6.662390E+1
1.119	3.474908E+1	-2.486537E+0	1.762703E-1	1.448324E+1	6.663193E+1
1.139	3.603779E+1	-2.544486E+0	2.510516E-1	1.448324E+1	6.664368E+1
1.159	3.681507E+1	-2.697259E+0	2.991253E-1	1.448324E+1	6.665973E+1
1.180	3.719648E+1	-2.876374E+0	2.777592E-1	1.448324E+1	6.667999E+1
1.199	3.800265E+1	-3.097635E+0	2.563931E-1	1.448324E+1	6.670770E+1
1.220	3.908043E+1	-3.224069E+0	3.044668E-1	1.448324E+1	6.673846E+1
1.240	4.020445E+1	-3.303090E+0	3.739066E-1	1.448324E+1	6.677466E+1
1.260	4.079679E+1	-3.382111E+0	4.540295E-1	1.448324E+1	6.681366E+1
1.280	4.110308E+1	-3.555958E+0	5.875675E-1	1.448324E+1	6.685770E+1
1.300	4.186879E+1	-3.613907E+0	6.997395E-1	1.448324E+1	6.691162E+1
1.320	4.284833E+1	-3.740341E+0	8.065699E-1	1.448324E+1	6.696609E+1
1.340	4.377297E+1	-3.861507E+0	8.760098E-1	1.448324E+1	6.702145E+1
1.360	4.435665E+1	-4.082767E+0	9.347665E-1	1.448324E+1	6.708203E+1
1.380	4.453002E+1	-4.377779E+0	1.062963E+0	1.448324E+1	6.714444E+1
1.400	4.510214E+1	-4.567431E+0	1.191160E+0	1.448324E+1	6.721320E+1
1.420	4.596610E+1	-4.635915E+0	1.297990E+0	1.448324E+1	6.728125E+1
1.440	4.683873E+1	-4.646452E+0	1.442211E+0	1.448324E+1	6.735413E+1
1.460	4.719125E+1	-4.704401E+0	1.581091E+0	1.448324E+1	6.742709E+1
1.479	4.734150E+1	-4.967805E+0	1.725312E+0	1.448324E+1	6.750504E+1
1.500	4.782405E+1	-5.167992E+0	1.848167E+0	1.448324E+1	6.758652E+1
1.519	4.839617E+1	-5.341839E+0	2.024437E+0	1.448324E+1	6.767542E+1
1.540	4.926301E+1	-5.663192E+0	2.238098E+0	1.448324E+1	6.776022E+1
1.560	4.949995E+1	-5.921328E+0	2.473125E+0	1.448324E+1	6.785162E+1
1.580	4.945372E+1	-6.110979E+0	2.686786E+0	1.448324E+1	6.794745E+1
1.599	4.985247E+1	-6.200537E+0	2.857715E+0	1.448324E+1	6.804852E+1
1.620	5.046793E+1	-6.300631E+0	3.071376E+0	1.448324E+1	6.814804E+1
1.639	5.112385E+1	-6.353309E+0	3.311744E+0	1.448324E+1	6.825439E+1
1.660	5.141858E+1	-6.395454E+0	3.562796E+0	1.448324E+1	6.835858E+1
1.679	5.132034E+1	-6.469209E+0	3.824530E+0	1.448324E+1	6.846628E+1
1.699	5.163529E+1	-6.527158E+0	4.070240E+0	1.448324E+1	6.857449E+1
1.719	5.212073E+1	-6.542962E+0	4.331975E+0	1.448324E+1	6.868674E+1
1.739	5.281132E+1	-6.537694E+0	4.593710E+0	1.448324E+1	6.879523E+1
1.760	5.285177E+1	-6.658860E+0	4.866127E+0	1.448324E+1	6.890353E+1
1.780	5.283154E+1	-6.706273E+0	5.133203E+0	1.448324E+1	6.901135E+1
1.799	5.287488E+1	-6.753684E+0	5.384255E+0	1.448324E+1	6.912198E+1
1.820	5.354236E+1	-6.822169E+0	5.608599E+0	1.448324E+1	6.922928E+1
1.840	5.396422E+1	-6.780026E+0	5.843626E+0	1.448324E+1	6.934039E+1
1.860	5.409425E+1	-6.843243E+0	6.110702E+0	1.448324E+1	6.944449E+1
1.880	5.394111E+1	-6.864316E+0	6.361754E+0	1.448324E+1	6.954922E+1
1.899	5.408558E+1	-6.959141E+0	6.676903E+0	1.448324E+1	6.965817E+1
1.919	5.451323E+1	-6.990749E+0	6.933297E+0	1.448324E+1	6.976205E+1
1.940	5.511713E+1	-7.043430E+0	7.243105E+0	1.448324E+1	6.986807E+1
1.960	5.514603E+1	-7.059235E+0	7.531547E+0	1.448324E+1	6.996896E+1
1.980	5.481085E+1	-7.048699E+0	7.846697E+0	1.448324E+1	7.006912E+1
2.000	5.490331E+1	-7.017088E+0	8.087065E+0	1.448324E+1	7.017035E+1
2.020	5.535118E+1	-6.980211E+0	8.327435E+0	1.448324E+1	7.026645E+1
2.039	5.581928E+1	-6.943337E+0	8.573144E+0	1.448324E+1	7.036057E+1
2.060	5.584240E+1	-6.964409E+0	8.792147E+0	1.448324E+1	7.044958E+1
2.080	5.555923E+1	-6.980213E+0	9.000466E+0	1.448324E+1	7.053625E+1
2.100	5.570659E+1	-6.922265E+0	9.230151E+0	1.448324E+1	7.062405E+1
2.120	5.603310E+1	-6.927530E+0	9.497228E+0	1.448324E+1	7.070190E+1
2.140	5.648675E+1	-6.953871E+0	9.796353E+0	1.448324E+1	7.077701E+1
2.159	5.636829E+1	-6.974945E+0	1.008480E+1	1.448324E+1	7.084650E+1
2.179	5.621514E+1	-6.969677E+0	1.038392E+1	1.448324E+1	7.091031E+1
2.199	5.624982E+1	-6.880120E+0	1.069907E+1	1.448324E+1	7.097458E+1
2.219	5.650409E+1	-6.837975E+0	1.098217E+1	1.448324E+1	7.103253E+1
2.239	5.707043E+1	-6.974945E+0	1.117447E+1	1.448324E+1	7.108823E+1
2.260	5.696352E+1	-6.943337E+0	1.140415E+1	1.448324E+1	7.113785E+1
2.280	5.668324E+1	-6.980213E+0	1.166589E+1	1.448324E+1	7.118256E+1
2.300	5.665723E+1	-7.117184E+0	1.195967E+1	1.448324E+1	7.122903E+1
2.320	5.701842E+1	-7.027626E+0	1.226414E+1	1.448324E+1	7.126935E+1
2.340	5.746918E+1	-7.080307E+0	1.250451E+1	1.448324E+1	7.130719E+1
2.360	5.744896E+1	-7.180400E+0	1.280897E+1	1.448324E+1	7.133963E+1
2.380	5.712822E+1	-7.090843E+0	1.303332E+1	1.448324E+1	7.136981E+1
2.400	5.709933E+1	-7.096111E+0	1.323629E+1	1.448324E+1	7.140176E+1
2.420	5.750675E+1	-7.217277E+0	1.347132E+1	1.448324E+1	7.142999E+1
2.439	5.788816E+1	-7.417464E+0	1.369032E+1	1.448324E+1	7.145468E+1
2.459	5.781592E+1	-7.507022E+0	1.388262E+1	1.448324E+1	7.147485E+1
2.479	5.742873E+1	-7.422732E+0	1.409628E+1	1.448324E+1	7.149539E+1
2.500	5.745762E+1	-7.396392E+0	1.430460E+1	1.448324E+1	7.151541E+1
2.520	5.767145E+1	-7.470145E+0	1.451826E+1	1.448324E+1	7.153391E+1
2.540	5.820889E+1	-7.665064E+0	1.473726E+1	1.448324E+1	7.155020E+1
2.560	5.819445E+1	-7.691405E+0	1.490285E+1	1.448324E+1	7.156366E+1
2.580	5.776102E+1	-7.823107E+0	1.520732E+1	1.448324E+1	7.157434E+1
2.600	5.778703E+1	-7.701939E+0	1.541029E+1	1.448324E+1	7.158835E+1
2.620	5.797484E+1	-7.770424E+0	1.565066E+1	1.448324E+1	7.159863E+1
2.640	5.848917E+1	-7.859984E+0	1.586432E+1	1.448324E+1	7.160880E+1
2.659	5.849206E+1	-8.018026E+0	1.602991E+1	1.448324E+1	7.161423E+1
2.679	5.814244E+1	-7.996954E+0	1.615811E+1	1.448324E+1	7.162061E+1
2.700	5.796618E+1	-7.902129E+0	1.620084E+1	1.448324E+1	7.162833E+1
2.719	5.822045E+1	-8.033830E+0	1.635574E+1	1.448324E+1	7.163397E+1
2.740	5.870300E+1	-8.028562E+0	1.633972E+1	1.448324E+1	7.163831E+1
2.760	5.861920E+1	-8.123385E+0	1.649996E+1	1.448324E+1	7.163947E+1
2.779	5.834470E+1	-8.228747E+0	1.666555E+1	1.448324E+1	7.164093E+1
2.799	5.822912E+1	-8.318308E+0	1.679375E+1	1.448324E+1	7.164572E+1
2.820	5.853541E+1	-8.407864E+0	1.693263E+1	1.448324E+1	7.164700E+1
2.840	5.891104E+1	-8.423669E+0	1.698070E+1	1.448324E+1	7.164859E+1
2.860	5.884169E+1	-8.302503E+0	1.698070E+1	1.448324E+1	7.164575E+1
2.879	5.851518E+1	-8.376256E+0	1.705014E+1	1.448324E+1	7.164468E+1
2.899	5.844583E+1	-8.455277E+0	1.723710E+1	1.448324E+1	7.164307E+1
2.920	5.863365E+1	-8.481615E+0	1.739734E+1	1.448324E+1	7.164090E+1
2.939	5.909886E+1	-8.428934E+0	1.739734E+1	1.448324E+1	7.163715E+1
2.959	5.906130E+1	-8.270895E+0	1.736529E+1	1.448324E+1	7.162836E+1
2.979	5.873478E+1	-8.265627E+0	1.739200E+1	1.448324E+1	7.161938E+1
2.999	5.856430E+1	-8.234018E+0	1.736529E+1	1.448324E+1	7.160980E+1
3.020	5.881280E+1	-8.276163E+0	1.740268E+1	1.448324E+1	7.159784E+1
3.039	5.926645E+1	-8.313039E+0	1.748280E+1	1.448324E+1	7.158386E+1
3.059	5.922022E+1	-8.355184E+0	1.763771E+1	1.448324E+1	7.156592E+1
3.080	5.879257E+1	-8.450006E+0	1.780330E+1	1.448324E+1	7.154468E+1
3.100	5.873767E+1	-8.534296E+0	1.796888E+1	1.448324E+1	7.152710E+1
3.119	5.893127E+1	-8.523762E+0	1.808640E+1	1.448324E+1	7.150461E+1
3.140	5.936758E+1	-8.592248E+0	1.818254E+1	1.448324E+1	7.148355E+1
3.160	5.937047E+1	-8.613320E+0	1.826267E+1	1.448324E+1	7.145508E+1
3.180	5.897461E+1	-8.629124E+0	1.824130E+1	1.448324E+1	7.142651E+1
3.200	5.880991E+1	-8.692341E+0	1.838018E+1	1.448324E+1	7.140128E+1
3.219	5.909886E+1	-8.708146E+0	1.856713E+1	1.448324E+1	7.137033E+1
3.240	5.956407E+1	-8.723950E+0	1.866862E+1	1.448324E+1	7.134030E+1
3.259	5.950628E+1	-8.771363E+0	1.866328E+1	1.448324E+1	7.130542E+1
3.280	5.909308E+1	-8.755559E+0	1.886626E+1	1.448324E+1	7.127100E+1
3.299	5.895727E+1	-8.687073E+0	1.888228E+1	1.448324E+1	7.123544E+1
3.319	5.916821E+1	-8.692341E+0	1.904787E+1	1.448324E+1	7.120001E+1
3.339	5.963342E+1	-8.697610E+0	1.907992E+1	1.448324E+1	7.116141E+1
3.359	5.958429E+1	-8.723950E+0	1.918675E+1	1.448324E+1	7.111917E+1
3.379	5.930979E+1	-8.739754E+0	1.916538E+1	1.448324E+1	7.107709E+1
3.399	5.915954E+1	-8.766095E+0	1.926153E+1	1.448324E+1	7.103748E+1
3.419	5.928090E+1	-8.818775E+0	1.925085E+1	1.448324E+1	7.099368E+1
3.440	5.976633E+1	-8.845115E+0	1.928290E+1	1.448324E+1	7.095169E+1
3.460	5.963342E+1	-8.834579E+0	1.916538E+1	1.448324E+1	7.090512E+1
3.479	5.930690E+1	-8.818775E+0	1.918675E+1	1.448324E+1	7.086108E+1
3.500	5.915665E+1	-8.813507E+0	1.915470E+1	1.448324E+1	7.081982E+1
3.520	5.935891E+1	-8.813507E+0	1.930426E+1	1.448324E+1	7.077777E+1
3.539	5.982123E+1	-8.824043E+0	1.931495E+1	1.448324E+1	7.073459E+1
3.560	5.985880E+1	-8.855651E+0	1.927756E+1	1.448324E+1	7.069324E+1
3.579	5.943982E+1	-8.845115E+0	1.930426E+1	1.448324E+1	7.065244E+1
3.600	5.936758E+1	-8.845115E+0	1.928824E+1	1.448324E+1	7.061404E+1
3.620	5.947449E+1	-8.866188E+0	1.931495E+1	1.448324E+1	7.057565E+1
3.640	5.980967E+1	-8.834579E+0	1.924017E+1	1.448324E+1	7.053683E+1
3.660	5.983857E+1	-8.834579E+0	1.924551E+1	1.448324E+1	7.049765E+1
3.680	5.951206E+1	-8.829311E+0	1.919209E+1	1.448324E+1	7.045767E+1
3.699	5.940803E+1	-8.818775E+0	1.928824E+1	1.448324E+1	7.042291E+1
3.719	5.950917E+1	-8.824043E+0	1.938973E+1	1.448324E+1	7.038318E+1
3.739	5.995704E+1	-8.850383E+0	1.937905E+1	1.448324E+1	7.034769E+1
3.759	5.979812E+1	-8.839847E+0	1.923482E+1	1.448324E+1	7.030597E+1
3.779	5.952939E+1	-8.845115E+0	1.919743E+1	1.448324E+1	7.026715E+1
3.799	5.937914E+1	-8.813507E+0	1.911197E+1	1.448324E+1	7.022791E+1
3.819	5.954384E+1	-8.824043E+0	1.909594E+1	1.448324E+1	7.019055E+1
3.839	5.998882E+1	-8.818775E+0	1.916004E+1	1.448324E+1	7.015421E+1
3.859	5.998593E+1	-8.802971E+0	1.923482E+1	1.448324E+1	7.011148E+1
3.879	5.956696E+1	-8.813507E+0	1.914936E+1	1.448324E+1	7.007278E+1
3.899	5.943404E+1	-8.787167E+0	1.906389E+1	1.448324E+1	7.003397E+1
3.920	5.965653E+1	-8.776631E+0	1.896241E+1	1.448324E+1	6.999643E+1
3.940	6.009862E+1	-8.781899E+0	1.897309E+1	1.448324E+1	6.995715E+1
3.959	6.000327E+1	-8.760827E+0	1.894104E+1	1.448324E+1	6.991437E+1
3.980	5.968543E+1	-8.739754E+0	1.891967E+1	1.448324E+1	6.987457E+1
3.999	5.950628E+1	-8.755559E+0	1.898911E+1	1.448324E+1	6.983289E+1
4.019	5.958140E+1	-8.781899E+0	1.896241E+1	1.448324E+1	6.979202E+1
4.039	6.011596E+1	-8.787163E+0	1.912265E+1	1.448324E+1	6.975134E+1
4.059	6.003506E+1	-8.792431E+0	1.913868E+1	1.448324E+1	6.970380E+1
4.079	5.972877E+1	-8.776631E+0	1.914402E+1	1.448324E+1	6.965781E+1
4.099	5.950917E+1	-8.781899E+0	1.919743E+1	1.448324E+1	6.961227E+1
4.119	5.973166E+1	-8.802971E+0	1.920812E+1	1.448324E+1	6.956546E+1
4.139	6.002350E+1	-8.824043E+0	1.925085E+1	1.448324E+1	6.951932E+1
4.159	6.004661E+1	-8.818775E+0	1.919743E+1	1.448324E+1	6.946741E+1
4.179	5.975477E+1	-8.776627E+0	1.920277E+1	1.448324E+1	6.941617E+1
4.199	5.952650E+1	-8.776631E+0	1.922414E+1	1.448324E+1	6.936887E+1
4.220	5.972299E+1	-8.766095E+0	1.917607E+1	1.448324E+1	6.932007E+1
4.240	6.012752E+1	-8.776631E+0	1.923482E+1	1.448324E+1	6.926987E+1
4.260	6.002061E+1	-8.723950E+0	1.929892E+1	1.448324E+1	6.922000E+1
4.279	5.984724E+1	-8.708146E+0	1.934700E+1	1.448324E+1	6.917090E+1
4.299	5.956696E+1	-8.745022E+0	1.940575E+1	1.448324E+1	6.912457E+1
4.319	5.974900E+1	-8.755559E+0	1.932029E+1	1.448324E+1	6.907803E+1
4.340	6.015064E+1	-8.755559E+0	1.919743E+1	1.448324E+1	6.903238E+1
4.359	6.017664E+1	-8.760827E+0	1.920812E+1	1.448324E+1	6.898251E+1
4.379	5.978656E+1	-8.750291E+0	1.917607E+1	1.448324E+1	6.893680E+1
4.399	5.960741E+1	-8.739754E+0	1.913334E+1	1.448324E+1	6.889084E+1
4.419	5.969698E+1	-8.729218E+0	1.915470E+1	1.448324E+1	6.884662E+1
4.439	6.013908E+1	-8.702878E+0	1.927222E+1	1.448324E+1	6.880078E+1
4.460	6.005817E+1	-8.739754E+0	1.921346E+1	1.448324E+1	6.875247E+1
4.479	5.980390E+1	-8.739754E+0	1.928824E+1	1.448324E+1	6.870248E+1
4.499	5.959585E+1	-8.702878E+0	1.927756E+1	1.448324E+1	6.865863E+1
4.519	5.981545E+1	-8.687073E+0	1.934700E+1	1.448324E+1	6.861313E+1
4.539	6.017086E+1	-8.687073E+0	1.940041E+1	1.448324E+1	6.856772E+1
4.560	6.014197E+1	-8.718682E+0	1.918675E+1	1.448324E+1	6.852026E+1
4.579	5.987613E+1	-8.713414E+0	1.922948E+1	1.448324E+1	6.847598E+1
4.599	5.961030E+1	-8.687073E+0	1.910129E+1	1.448324E+1	6.843289E+1
4.619	5.975766E+1	-8.702878E+0	1.903185E+1	1.448324E+1	6.839020E+1
4.639	6.022865E+1	-8.729218E+0	1.916538E+1	1.448324E+1	6.834610E+1
4.659	6.006684E+1	-8.723950E+0	1.918141E+1	1.448324E+1	6.830023E+1
4.679	5.978945E+1	-8.708146E+0	1.919209E+1	1.448324E+1	6.825351E+1
4.700	5.964786E+1	-8.692341E+0	1.930426E+1	1.448324E+1	6.820828E+1
4.720	5.972588E+1	-8.666001E+0	1.924017E+1	1.448324E+1	6.815863E+1
4.740	6.021131E+1	-8.702878E+0	1.928290E+1	1.448324E+1	6.810886E+1
4.759	6.016797E+1	-8.692341E+0	1.934165E+1	1.448324E+1	6.805222E+1
4.780	5.987613E+1	-8.687073E+0	1.926153E+1	1.448324E+1	6.799527E+1
4.800	5.965942E+1	-8.697610E+0	1.906924E+1	1.448324E+1	6.793649E+1
4.819	5.974322E+1	-8.723946E+0	1.899446E+1	1.448324E+1	6.787411E+1
4.839	6.017086E+1	-8.713414E+0	1.912799E+1	1.448324E+1	6.780884E+1
4.860	6.016508E+1	-8.729218E+0	1.916538E+1	1.448324E+1	6.773743E+1
4.880	5.970854E+1	-8.755559E+0	1.918675E+1	1.448324E+1	6.766486E+1
4.899	5.955829E+1	-8.766095E+0	1.930960E+1	1.448324E+1	6.759119E+1
4.919	5.976633E+1	-8.776631E+0	1.926153E+1	1.448324E+1	6.751910E+1
4.939	6.013619E+1	-8.739754E+0	1.927222E+1	1.448324E+1	6.744266E+1
4.959	6.014486E+1	-8.713414E+0	1.917607E+1	1.448324E+1	6.736142E+1
4.979	5.989925E+1	-8.713414E+0	1.920812E+1	1.448324E+1	6.728070E+1
4.999	5.961319E+1	-8.713414E+0	1.926687E+1	1.448324E+1	6.720157E+1
