0	1	2	3	4	5	6	7	8	9	0	1	2	3	4	5	6	7	8	9	0	1	2	3	4	5	6	7	8	9	0	1	2	3	4	5	6	7	8	9	0	1	2	3	4	5	6	7	8	9	0	1	2	3	4	5	6	7	8	9	0	1	2	3	4	5	6	7	8	9
0	0	0	0	0	0	0	0	0	0	1	1	1	1	1	1	1	1	1	1	2	2	2	2	2	2	2	2	2	2	3	3	3	3	3	3	3	3	3	3	4	4	4	4	4	4	4	4	4	4	5	5	5	5	5	5	5	5	5	5	6	6	6	6	6	6	6	6	6	6
3	3	3	3	3	3	3	3	3	3	3	3	3	3	3	3	3	3	3	3	3	3	3	3	3	3	3	3	3	3	3	3	3	3	3	3	3	3	3	3	3	3	3	3	3	3	3	3	3	3	3	3	3	3	3	3	3	3	3	3	3	3	3	3	3	3	3	3	3	3
0.499598	0.499598	0.499598	0.499598	0.499598	0.499598	0.499598	0.499598	0.499598	0.499598	4.441265	4.441265	4.441265	4.441265	4.441265	4.441265	4.441265	4.441265	4.441265	4.441265	8.382932	8.382932	8.382932	8.382932	8.382932	8.382932	8.382932	8.382932	8.382932	8.382932	12.324598	12.324598	12.324598	12.324598	12.324598	12.324598	12.324598	12.324598	12.324598	12.324598	16.266265	16.266265	16.266265	16.266265	16.266265	16.266265	16.266265	16.266265	16.266265	16.266265	20.207932	20.207932	20.207932	20.207932	20.207932	20.207932	20.207932	20.207932	20.207932	20.207932	24.149598	24.149598	24.149598	24.149598	24.149598	24.149598	24.149598	24.149598	24.149598	24.149598
0.937787	0.937787	0.937787	0.937787	0.937787	0.937787	0.937787	0.937787	0.937787	0.937787	4.879454	4.879454	4.879454	4.879454	4.879454	4.879454	4.879454	4.879454	4.879454	4.879454	8.821121	8.821121	8.821121	8.821121	8.821121	8.821121	8.821121	8.821121	8.821121	8.821121	12.762787	12.762787	12.762787	12.762787	12.762787	12.762787	12.762787	12.762787	12.762787	12.762787	16.704454	16.704454	16.704454	16.704454	16.704454	16.704454	16.704454	16.704454	16.704454	16.704454	20.646121	20.646121	20.646121	20.646121	20.646121	20.646121	20.646121	20.646121	20.646121	20.646121	24.587787	24.587787	24.587787	24.587787	24.587787	24.587787	24.587787	24.587787	24.587787	24.587787
1.342906	1.342906	1.342906	1.342906	1.342906	1.342906	1.342906	1.342906	1.342906	1.342906	5.284572	5.284572	5.284572	5.284572	5.284572	5.284572	5.284572	5.284572	5.284572	5.284572	9.226239	9.226239	9.226239	9.226239	9.226239	9.226239	9.226239	9.226239	9.226239	9.226239	13.167906	13.167906	13.167906	13.167906	13.167906	13.167906	13.167906	13.167906	13.167906	13.167906	17.109572	17.109572	17.109572	17.109572	17.109572	17.109572	17.109572	17.109572	17.109572	17.109572	21.051239	21.051239	21.051239	21.051239	21.051239	21.051239	21.051239	21.051239	21.051239	21.051239	24.992906	24.992906	24.992906	24.992906	24.992906	24.992906	24.992906	24.992906	24.992906	24.992906
1.748024	1.748024	1.748024	1.748024	1.748024	1.748024	1.748024	1.748024	1.748024	1.748024	5.68969	5.68969	5.68969	5.68969	5.68969	5.68969	5.68969	5.68969	5.68969	5.68969	9.631357	9.631357	9.631357	9.631357	9.631357	9.631357	9.631357	9.631357	9.631357	9.631357	13.573024	13.573024	13.573024	13.573024	13.573024	13.573024	13.573024	13.573024	13.573024	13.573024	17.51469	17.51469	17.51469	17.51469	17.51469	17.51469	17.51469	17.51469	17.51469	17.51469	21.456357	21.456357	21.456357	21.456357	21.456357	21.456357	21.456357	21.456357	21.456357	21.456357	25.398024	25.398024	25.398024	25.398024	25.398024	25.398024	25.398024	25.398024	25.398024	25.398024
2.152748	2.152748	2.152748	2.152748	2.152748	2.152748	2.152748	2.152748	2.152748	2.152748	6.094415	6.094415	6.094415	6.094415	6.094415	6.094415	6.094415	6.094415	6.094415	6.094415	10.036081	10.036081	10.036081	10.036081	10.036081	10.036081	10.036081	10.036081	10.036081	10.036081	13.977748	13.977748	13.977748	13.977748	13.977748	13.977748	13.977748	13.977748	13.977748	13.977748	17.919415	17.919415	17.919415	17.919415	17.919415	17.919415	17.919415	17.919415	17.919415	17.919415	21.861081	21.861081	21.861081	21.861081	21.861081	21.861081	21.861081	21.861081	21.861081	21.861081	25.802748	25.802748	25.802748	25.802748	25.802748	25.802748	25.802748	25.802748	25.802748	25.802748
2.557866	2.557866	2.557866	2.557866	2.557866	2.557866	2.557866	2.557866	2.557866	2.557866	6.499533	6.499533	6.499533	6.499533	6.499533	6.499533	6.499533	6.499533	6.499533	6.499533	10.441199	10.441199	10.441199	10.441199	10.441199	10.441199	10.441199	10.441199	10.441199	10.441199	14.382866	14.382866	14.382866	14.382866	14.382866	14.382866	14.382866	14.382866	14.382866	14.382866	18.324533	18.324533	18.324533	18.324533	18.324533	18.324533	18.324533	18.324533	18.324533	18.324533	22.266199	22.266199	22.266199	22.266199	22.266199	22.266199	22.266199	22.266199	22.266199	22.266199	26.207866	26.207866	26.207866	26.207866	26.207866	26.207866	26.207866	26.207866	26.207866	26.207866
2.962984	2.962984	2.962984	2.962984	2.962984	2.962984	2.962984	2.962984	2.962984	2.962984	6.904651	6.904651	6.904651	6.904651	6.904651	6.904651	6.904651	6.904651	6.904651	6.904651	10.846318	10.846318	10.846318	10.846318	10.846318	10.846318	10.846318	10.846318	10.846318	10.846318	14.787984	14.787984	14.787984	14.787984	14.787984	14.787984	14.787984	14.787984	14.787984	14.787984	18.729651	18.729651	18.729651	18.729651	18.729651	18.729651	18.729651	18.729651	18.729651	18.729651	22.671318	22.671318	22.671318	22.671318	22.671318	22.671318	22.671318	22.671318	22.671318	22.671318	26.612984	26.612984	26.612984	26.612984	26.612984	26.612984	26.612984	26.612984	26.612984	26.612984
3.368102	3.368102	3.368102	3.368102	3.368102	3.368102	3.368102	3.368102	3.368102	3.368102	7.309769	7.309769	7.309769	7.309769	7.309769	7.309769	7.309769	7.309769	7.309769	7.309769	11.251436	11.251436	11.251436	11.251436	11.251436	11.251436	11.251436	11.251436	11.251436	11.251436	15.193102	15.193102	15.193102	15.193102	15.193102	15.193102	15.193102	15.193102	15.193102	15.193102	19.134769	19.134769	19.134769	19.134769	19.134769	19.134769	19.134769	19.134769	19.134769	19.134769	23.076436	23.076436	23.076436	23.076436	23.076436	23.076436	23.076436	23.076436	23.076436	23.076436	27.018102	27.018102	27.018102	27.018102	27.018102	27.018102	27.018102	27.018102	27.018102	27.018102
3.772827	3.772827	3.772827	3.772827	3.772827	3.772827	3.772827	3.772827	3.772827	3.772827	7.714493	7.714493	7.714493	7.714493	7.714493	7.714493	7.714493	7.714493	7.714493	7.714493	11.65616	11.65616	11.65616	11.65616	11.65616	11.65616	11.65616	11.65616	11.65616	11.65616	15.597827	15.597827	15.597827	15.597827	15.597827	15.597827	15.597827	15.597827	15.597827	15.597827	19.539493	19.539493	19.539493	19.539493	19.539493	19.539493	19.539493	19.539493	19.539493	19.539493	23.48116	23.48116	23.48116	23.48116	23.48116	23.48116	23.48116	23.48116	23.48116	23.48116	27.422827	27.422827	27.422827	27.422827	27.422827	27.422827	27.422827	27.422827	27.422827	27.422827
4.069677	4.069677	4.069677	4.069677	4.069677	4.069677	4.069677	4.069677	4.069677	4.069677	8.011344	8.011344	8.011344	8.011344	8.011344	8.011344	8.011344	8.011344	8.011344	8.011344	11.953011	11.953011	11.953011	11.953011	11.953011	11.953011	11.953011	11.953011	11.953011	11.953011	15.894677	15.894677	15.894677	15.894677	15.894677	15.894677	15.894677	15.894677	15.894677	15.894677	19.836344	19.836344	19.836344	19.836344	19.836344	19.836344	19.836344	19.836344	19.836344	19.836344	23.778011	23.778011	23.778011	23.778011	23.778011	23.778011	23.778011	23.778011	23.778011	23.778011	27.719677	27.719677	27.719677	27.719677	27.719677	27.719677	27.719677	27.719677	27.719677	27.719677
4.366528	4.366528	4.366528	4.366528	4.366528	4.366528	4.366528	4.366528	4.366528	4.366528	8.308194	8.308194	8.308194	8.308194	8.308194	8.308194	8.308194	8.308194	8.308194	8.308194	12.249861	12.249861	12.249861	12.249861	12.249861	12.249861	12.249861	12.249861	12.249861	12.249861	16.191528	16.191528	16.191528	16.191528	16.191528	16.191528	16.191528	16.191528	16.191528	16.191528	20.133194	20.133194	20.133194	20.133194	20.133194	20.133194	20.133194	20.133194	20.133194	20.133194	24.074861	24.074861	24.074861	24.074861	24.074861	24.074861	24.074861	24.074861	24.074861	24.074861	28.016528	28.016528	28.016528	28.016528	28.016528	28.016528	28.016528	28.016528	28.016528	28.016528
4.663378	4.663378	4.663378	4.663378	4.663378	4.663378	4.663378	4.663378	4.663378	4.663378	8.605045	8.605045	8.605045	8.605045	8.605045	8.605045	8.605045	8.605045	8.605045	8.605045	12.546711	12.546711	12.546711	12.546711	12.546711	12.546711	12.546711	12.546711	12.546711	12.546711	16.488378	16.488378	16.488378	16.488378	16.488378	16.488378	16.488378	16.488378	16.488378	16.488378	20.430045	20.430045	20.430045	20.430045	20.430045	20.430045	20.430045	20.430045	20.430045	20.430045	24.371711	24.371711	24.371711	24.371711	24.371711	24.371711	24.371711	24.371711	24.371711	24.371711	28.313378	28.313378	28.313378	28.313378	28.313378	28.313378	28.313378	28.313378	28.313378	28.313378
4.960622	4.960622	4.960622	4.960622	4.960622	4.960622	4.960622	4.960622	4.960622	4.960622	8.902289	8.902289	8.902289	8.902289	8.902289	8.902289	8.902289	8.902289	8.902289	8.902289	12.843955	12.843955	12.843955	12.843955	12.843955	12.843955	12.843955	12.843955	12.843955	12.843955	16.785622	16.785622	16.785622	16.785622	16.785622	16.785622	16.785622	16.785622	16.785622	16.785622	20.727289	20.727289	20.727289	20.727289	20.727289	20.727289	20.727289	20.727289	20.727289	20.727289	24.668955	24.668955	24.668955	24.668955	24.668955	24.668955	24.668955	24.668955	24.668955	24.668955	28.610622	28.610622	28.610622	28.610622	28.610622	28.610622	28.610622	28.610622	28.610622	28.610622
5.257472	5.257472	5.257472	5.257472	5.257472	5.257472	5.257472	5.257472	5.257472	5.257472	9.199139	9.199139	9.199139	9.199139	9.199139	9.199139	9.199139	9.199139	9.199139	9.199139	13.140806	13.140806	13.140806	13.140806	13.140806	13.140806	13.140806	13.140806	13.140806	13.140806	17.082472	17.082472	17.082472	17.082472	17.082472	17.082472	17.082472	17.082472	17.082472	17.082472	21.024139	21.024139	21.024139	21.024139	21.024139	21.024139	21.024139	21.024139	21.024139	21.024139	24.965806	24.965806	24.965806	24.965806	24.965806	24.965806	24.965806	24.965806	24.965806	24.965806	28.907472	28.907472	28.907472	28.907472	28.907472	28.907472	28.907472	28.907472	28.907472	28.907472
5.554323	5.554323	5.554323	5.554323	5.554323	5.554323	5.554323	5.554323	5.554323	5.554323	9.495989	9.495989	9.495989	9.495989	9.495989	9.495989	9.495989	9.495989	9.495989	9.495989	13.437656	13.437656	13.437656	13.437656	13.437656	13.437656	13.437656	13.437656	13.437656	13.437656	17.379323	17.379323	17.379323	17.379323	17.379323	17.379323	17.379323	17.379323	17.379323	17.379323	21.320989	21.320989	21.320989	21.320989	21.320989	21.320989	21.320989	21.320989	21.320989	21.320989	25.262656	25.262656	25.262656	25.262656	25.262656	25.262656	25.262656	25.262656	25.262656	25.262656	29.204323	29.204323	29.204323	29.204323	29.204323	29.204323	29.204323	29.204323	29.204323	29.204323
5.851173	5.851173	5.851173	5.851173	5.851173	5.851173	5.851173	5.851173	5.851173	5.851173	9.79284	9.79284	9.79284	9.79284	9.79284	9.79284	9.79284	9.79284	9.79284	9.79284	13.734507	13.734507	13.734507	13.734507	13.734507	13.734507	13.734507	13.734507	13.734507	13.734507	17.676173	17.676173	17.676173	17.676173	17.676173	17.676173	17.676173	17.676173	17.676173	17.676173	21.61784	21.61784	21.61784	21.61784	21.61784	21.61784	21.61784	21.61784	21.61784	21.61784	25.559507	25.559507	25.559507	25.559507	25.559507	25.559507	25.559507	25.559507	25.559507	25.559507	29.501173	29.501173	29.501173	29.501173	29.501173	29.501173	29.501173	29.501173	29.501173	29.501173
6.148024	6.148024	6.148024	6.148024	6.148024	6.148024	6.148024	6.148024	6.148024	6.148024	10.08969	10.08969	10.08969	10.08969	10.08969	10.08969	10.08969	10.08969	10.08969	10.08969	14.031357	14.031357	14.031357	14.031357	14.031357	14.031357	14.031357	14.031357	14.031357	14.031357	17.973024	17.973024	17.973024	17.973024	17.973024	17.973024	17.973024	17.973024	17.973024	17.973024	21.91469	21.91469	21.91469	21.91469	21.91469	21.91469	21.91469	21.91469	21.91469	21.91469	25.856357	25.856357	25.856357	25.856357	25.856357	25.856357	25.856357	25.856357	25.856357	25.856357	29.798024	29.798024	29.798024	29.798024	29.798024	29.798024	29.798024	29.798024	29.798024	29.798024
6.444874	6.444874	6.444874	6.444874	6.444874	6.444874	6.444874	6.444874	6.444874	6.444874	10.386541	10.386541	10.386541	10.386541	10.386541	10.386541	10.386541	10.386541	10.386541	10.386541	14.328207	14.328207	14.328207	14.328207	14.328207	14.328207	14.328207	14.328207	14.328207	14.328207	18.269874	18.269874	18.269874	18.269874	18.269874	18.269874	18.269874	18.269874	18.269874	18.269874	22.211541	22.211541	22.211541	22.211541	22.211541	22.211541	22.211541	22.211541	22.211541	22.211541	26.153207	26.153207	26.153207	26.153207	26.153207	26.153207	26.153207	26.153207	26.153207	26.153207	30.094874	30.094874	30.094874	30.094874	30.094874	30.094874	30.094874	30.094874	30.094874	30.094874
6.741724	6.741724	6.741724	6.741724	6.741724	6.741724	6.741724	6.741724	6.741724	6.741724	10.683391	10.683391	10.683391	10.683391	10.683391	10.683391	10.683391	10.683391	10.683391	10.683391	14.625058	14.625058	14.625058	14.625058	14.625058	14.625058	14.625058	14.625058	14.625058	14.625058	18.566724	18.566724	18.566724	18.566724	18.566724	18.566724	18.566724	18.566724	18.566724	18.566724	22.508391	22.508391	22.508391	22.508391	22.508391	22.508391	22.508391	22.508391	22.508391	22.508391	26.450058	26.450058	26.450058	26.450058	26.450058	26.450058	26.450058	26.450058	26.450058	26.450058	30.391724	30.391724	30.391724	30.391724	30.391724	30.391724	30.391724	30.391724	30.391724	30.391724
7.038575	7.038575	7.038575	7.038575	7.038575	7.038575	7.038575	7.038575	7.038575	7.038575	10.980241	10.980241	10.980241	10.980241	10.980241	10.980241	10.980241	10.980241	10.980241	10.980241	14.921908	14.921908	14.921908	14.921908	14.921908	14.921908	14.921908	14.921908	14.921908	14.921908	18.863575	18.863575	18.863575	18.863575	18.863575	18.863575	18.863575	18.863575	18.863575	18.863575	22.805241	22.805241	22.805241	22.805241	22.805241	22.805241	22.805241	22.805241	22.805241	22.805241	26.746908	26.746908	26.746908	26.746908	26.746908	26.746908	26.746908	26.746908	26.746908	26.746908	30.688575	30.688575	30.688575	30.688575	30.688575	30.688575	30.688575	30.688575	30.688575	30.688575
7.335425	7.335425	7.335425	7.335425	7.335425	7.335425	7.335425	7.335425	7.335425	7.335425	11.277092	11.277092	11.277092	11.277092	11.277092	11.277092	11.277092	11.277092	11.277092	11.277092	15.218759	15.218759	15.218759	15.218759	15.218759	15.218759	15.218759	15.218759	15.218759	15.218759	19.160425	19.160425	19.160425	19.160425	19.160425	19.160425	19.160425	19.160425	19.160425	19.160425	23.102092	23.102092	23.102092	23.102092	23.102092	23.102092	23.102092	23.102092	23.102092	23.102092	27.043759	27.043759	27.043759	27.043759	27.043759	27.043759	27.043759	27.043759	27.043759	27.043759	30.985425	30.985425	30.985425	30.985425	30.985425	30.985425	30.985425	30.985425	30.985425	30.985425
7.632276	7.632276	7.632276	7.632276	7.632276	7.632276	7.632276	7.632276	7.632276	7.632276	11.573942	11.573942	11.573942	11.573942	11.573942	11.573942	11.573942	11.573942	11.573942	11.573942	15.515609	15.515609	15.515609	15.515609	15.515609	15.515609	15.515609	15.515609	15.515609	15.515609	19.457276	19.457276	19.457276	19.457276	19.457276	19.457276	19.457276	19.457276	19.457276	19.457276	23.398942	23.398942	23.398942	23.398942	23.398942	23.398942	23.398942	23.398942	23.398942	23.398942	27.340609	27.340609	27.340609	27.340609	27.340609	27.340609	27.340609	27.340609	27.340609	27.340609	31.282276	31.282276	31.282276	31.282276	31.282276	31.282276	31.282276	31.282276	31.282276	31.282276
7.929126	7.929126	7.929126	7.929126	7.929126	7.929126	7.929126	7.929126	7.929126	7.929126	11.870793	11.870793	11.870793	11.870793	11.870793	11.870793	11.870793	11.870793	11.870793	11.870793	15.812459	15.812459	15.812459	15.812459	15.812459	15.812459	15.812459	15.812459	15.812459	15.812459	19.754126	19.754126	19.754126	19.754126	19.754126	19.754126	19.754126	19.754126	19.754126	19.754126	23.695793	23.695793	23.695793	23.695793	23.695793	23.695793	23.695793	23.695793	23.695793	23.695793	27.637459	27.637459	27.637459	27.637459	27.637459	27.637459	27.637459	27.637459	27.637459	27.637459	31.579126	31.579126	31.579126	31.579126	31.579126	31.579126	31.579126	31.579126	31.579126	31.579126
8.225976	8.225976	8.225976	8.225976	8.225976	8.225976	8.225976	8.225976	8.225976	8.225976	12.167643	12.167643	12.167643	12.167643	12.167643	12.167643	12.167643	12.167643	12.167643	12.167643	16.10931	16.10931	16.10931	16.10931	16.10931	16.10931	16.10931	16.10931	16.10931	16.10931	20.050976	20.050976	20.050976	20.050976	20.050976	20.050976	20.050976	20.050976	20.050976	20.050976	23.992643	23.992643	23.992643	23.992643	23.992643	23.992643	23.992643	23.992643	23.992643	23.992643	27.93431	27.93431	27.93431	27.93431	27.93431	27.93431	27.93431	27.93431	27.93431	27.93431	31.875976	31.875976	31.875976	31.875976	31.875976	31.875976	31.875976	31.875976	31.875976	31.875976
8.522827	8.522827	8.522827	8.522827	8.522827	8.522827	8.522827	8.522827	8.522827	8.522827	12.464493	12.464493	12.464493	12.464493	12.464493	12.464493	12.464493	12.464493	12.464493	12.464493	16.40616	16.40616	16.40616	16.40616	16.40616	16.40616	16.40616	16.40616	16.40616	16.40616	20.347827	20.347827	20.347827	20.347827	20.347827	20.347827	20.347827	20.347827	20.347827	20.347827	24.289493	24.289493	24.289493	24.289493	24.289493	24.289493	24.289493	24.289493	24.289493	24.289493	28.23116	28.23116	28.23116	28.23116	28.23116	28.23116	28.23116	28.23116	28.23116	28.23116	32.172827	32.172827	32.172827	32.172827	32.172827	32.172827	32.172827	32.172827	32.172827	32.172827
8.819677	8.819677	8.819677	8.819677	8.819677	8.819677	8.819677	8.819677	8.819677	8.819677	12.761344	12.761344	12.761344	12.761344	12.761344	12.761344	12.761344	12.761344	12.761344	12.761344	16.703011	16.703011	16.703011	16.703011	16.703011	16.703011	16.703011	16.703011	16.703011	16.703011	20.644677	20.644677	20.644677	20.644677	20.644677	20.644677	20.644677	20.644677	20.644677	20.644677	24.586344	24.586344	24.586344	24.586344	24.586344	24.586344	24.586344	24.586344	24.586344	24.586344	28.528011	28.528011	28.528011	28.528011	28.528011	28.528011	28.528011	28.528011	28.528011	28.528011	32.469677	32.469677	32.469677	32.469677	32.469677	32.469677	32.469677	32.469677	32.469677	32.469677
9.116528	9.116528	9.116528	9.116528	9.116528	9.116528	9.116528	9.116528	9.116528	9.116528	13.058194	13.058194	13.058194	13.058194	13.058194	13.058194	13.058194	13.058194	13.058194	13.058194	16.999861	16.999861	16.999861	16.999861	16.999861	16.999861	16.999861	16.999861	16.999861	16.999861	20.941528	20.941528	20.941528	20.941528	20.941528	20.941528	20.941528	20.941528	20.941528	20.941528	24.883194	24.883194	24.883194	24.883194	24.883194	24.883194	24.883194	24.883194	24.883194	24.883194	28.824861	28.824861	28.824861	28.824861	28.824861	28.824861	28.824861	28.824861	28.824861	28.824861	32.766528	32.766528	32.766528	32.766528	32.766528	32.766528	32.766528	32.766528	32.766528	32.766528
9.413378	9.413378	9.413378	9.413378	9.413378	9.413378	9.413378	9.413378	9.413378	9.413378	13.355045	13.355045	13.355045	13.355045	13.355045	13.355045	13.355045	13.355045	13.355045	13.355045	17.296711	17.296711	17.296711	17.296711	17.296711	17.296711	17.296711	17.296711	17.296711	17.296711	21.238378	21.238378	21.238378	21.238378	21.238378	21.238378	21.238378	21.238378	21.238378	21.238378	25.180045	25.180045	25.180045	25.180045	25.180045	25.180045	25.180045	25.180045	25.180045	25.180045	29.121711	29.121711	29.121711	29.121711	29.121711	29.121711	29.121711	29.121711	29.121711	29.121711	33.063378	33.063378	33.063378	33.063378	33.063378	33.063378	33.063378	33.063378	33.063378	33.063378
9.710622	9.710622	9.710622	9.710622	9.710622	9.710622	9.710622	9.710622	9.710622	9.710622	13.652289	13.652289	13.652289	13.652289	13.652289	13.652289	13.652289	13.652289	13.652289	13.652289	17.593955	17.593955	17.593955	17.593955	17.593955	17.593955	17.593955	17.593955	17.593955	17.593955	21.535622	21.535622	21.535622	21.535622	21.535622	21.535622	21.535622	21.535622	21.535622	21.535622	25.477289	25.477289	25.477289	25.477289	25.477289	25.477289	25.477289	25.477289	25.477289	25.477289	29.418955	29.418955	29.418955	29.418955	29.418955	29.418955	29.418955	29.418955	29.418955	29.418955	33.360622	33.360622	33.360622	33.360622	33.360622	33.360622	33.360622	33.360622	33.360622	33.360622
10.007472	10.007472	10.007472	10.007472	10.007472	10.007472	10.007472	10.007472	10.007472	10.007472	13.949139	13.949139	13.949139	13.949139	13.949139	13.949139	13.949139	13.949139	13.949139	13.949139	17.890806	17.890806	17.890806	17.890806	17.890806	17.890806	17.890806	17.890806	17.890806	17.890806	21.832472	21.832472	21.832472	21.832472	21.832472	21.832472	21.832472	21.832472	21.832472	21.832472	25.774139	25.774139	25.774139	25.774139	25.774139	25.774139	25.774139	25.774139	25.774139	25.774139	29.715806	29.715806	29.715806	29.715806	29.715806	29.715806	29.715806	29.715806	29.715806	29.715806	33.657472	33.657472	33.657472	33.657472	33.657472	33.657472	33.657472	33.657472	33.657472	33.657472
10.304323	10.304323	10.304323	10.304323	10.304323	10.304323	10.304323	10.304323	10.304323	10.304323	14.245989	14.245989	14.245989	14.245989	14.245989	14.245989	14.245989	14.245989	14.245989	14.245989	18.187656	18.187656	18.187656	18.187656	18.187656	18.187656	18.187656	18.187656	18.187656	18.187656	22.129323	22.129323	22.129323	22.129323	22.129323	22.129323	22.129323	22.129323	22.129323	22.129323	26.070989	26.070989	26.070989	26.070989	26.070989	26.070989	26.070989	26.070989	26.070989	26.070989	30.012656	30.012656	30.012656	30.012656	30.012656	30.012656	30.012656	30.012656	30.012656	30.012656	33.954323	33.954323	33.954323	33.954323	33.954323	33.954323	33.954323	33.954323	33.954323	33.954323
10.601173	10.601173	10.601173	10.601173	10.601173	10.601173	10.601173	10.601173	10.601173	10.601173	14.54284	14.54284	14.54284	14.54284	14.54284	14.54284	14.54284	14.54284	14.54284	14.54284	18.484507	18.484507	18.484507	18.484507	18.484507	18.484507	18.484507	18.484507	18.484507	18.484507	22.426173	22.426173	22.426173	22.426173	22.426173	22.426173	22.426173	22.426173	22.426173	22.426173	26.36784	26.36784	26.36784	26.36784	26.36784	26.36784	26.36784	26.36784	26.36784	26.36784	30.309507	30.309507	30.309507	30.309507	30.309507	30.309507	30.309507	30.309507	30.309507	30.309507	34.251173	34.251173	34.251173	34.251173	34.251173	34.251173	34.251173	34.251173	34.251173	34.251173
11.005898	11.005898	11.005898	11.005898	11.005898	11.005898	11.005898	11.005898	11.005898	11.005898	14.947564	14.947564	14.947564	14.947564	14.947564	14.947564	14.947564	14.947564	14.947564	14.947564	18.889231	18.889231	18.889231	18.889231	18.889231	18.889231	18.889231	18.889231	18.889231	18.889231	22.830898	22.830898	22.830898	22.830898	22.830898	22.830898	22.830898	22.830898	22.830898	22.830898	26.772564	26.772564	26.772564	26.772564	26.772564	26.772564	26.772564	26.772564	26.772564	26.772564	30.714231	30.714231	30.714231	30.714231	30.714231	30.714231	30.714231	30.714231	30.714231	30.714231	34.655898	34.655898	34.655898	34.655898	34.655898	34.655898	34.655898	34.655898	34.655898	34.655898
11.411016	11.411016	11.411016	11.411016	11.411016	11.411016	11.411016	11.411016	11.411016	11.411016	15.352682	15.352682	15.352682	15.352682	15.352682	15.352682	15.352682	15.352682	15.352682	15.352682	19.294349	19.294349	19.294349	19.294349	19.294349	19.294349	19.294349	19.294349	19.294349	19.294349	23.236016	23.236016	23.236016	23.236016	23.236016	23.236016	23.236016	23.236016	23.236016	23.236016	27.177682	27.177682	27.177682	27.177682	27.177682	27.177682	27.177682	27.177682	27.177682	27.177682	31.119349	31.119349	31.119349	31.119349	31.119349	31.119349	31.119349	31.119349	31.119349	31.119349	35.061016	35.061016	35.061016	35.061016	35.061016	35.061016	35.061016	35.061016	35.061016	35.061016
11.816134	11.816134	11.816134	11.816134	11.816134	11.816134	11.816134	11.816134	11.816134	11.816134	15.757801	15.757801	15.757801	15.757801	15.757801	15.757801	15.757801	15.757801	15.757801	15.757801	19.699467	19.699467	19.699467	19.699467	19.699467	19.699467	19.699467	19.699467	19.699467	19.699467	23.641134	23.641134	23.641134	23.641134	23.641134	23.641134	23.641134	23.641134	23.641134	23.641134	27.582801	27.582801	27.582801	27.582801	27.582801	27.582801	27.582801	27.582801	27.582801	27.582801	31.524467	31.524467	31.524467	31.524467	31.524467	31.524467	31.524467	31.524467	31.524467	31.524467	35.466134	35.466134	35.466134	35.466134	35.466134	35.466134	35.466134	35.466134	35.466134	35.466134
12.221252	12.221252	12.221252	12.221252	12.221252	12.221252	12.221252	12.221252	12.221252	12.221252	16.162919	16.162919	16.162919	16.162919	16.162919	16.162919	16.162919	16.162919	16.162919	16.162919	20.104585	20.104585	20.104585	20.104585	20.104585	20.104585	20.104585	20.104585	20.104585	20.104585	24.046252	24.046252	24.046252	24.046252	24.046252	24.046252	24.046252	24.046252	24.046252	24.046252	27.987919	27.987919	27.987919	27.987919	27.987919	27.987919	27.987919	27.987919	27.987919	27.987919	31.929585	31.929585	31.929585	31.929585	31.929585	31.929585	31.929585	31.929585	31.929585	31.929585	35.871252	35.871252	35.871252	35.871252	35.871252	35.871252	35.871252	35.871252	35.871252	35.871252
12.625976	12.625976	12.625976	12.625976	12.625976	12.625976	12.625976	12.625976	12.625976	12.625976	16.567643	16.567643	16.567643	16.567643	16.567643	16.567643	16.567643	16.567643	16.567643	16.567643	20.50931	20.50931	20.50931	20.50931	20.50931	20.50931	20.50931	20.50931	20.50931	20.50931	24.450976	24.450976	24.450976	24.450976	24.450976	24.450976	24.450976	24.450976	24.450976	24.450976	28.392643	28.392643	28.392643	28.392643	28.392643	28.392643	28.392643	28.392643	28.392643	28.392643	32.33431	32.33431	32.33431	32.33431	32.33431	32.33431	32.33431	32.33431	32.33431	32.33431	36.275976	36.275976	36.275976	36.275976	36.275976	36.275976	36.275976	36.275976	36.275976	36.275976
13.031094	13.031094	13.031094	13.031094	13.031094	13.031094	13.031094	13.031094	13.031094	13.031094	16.972761	16.972761	16.972761	16.972761	16.972761	16.972761	16.972761	16.972761	16.972761	16.972761	20.914428	20.914428	20.914428	20.914428	20.914428	20.914428	20.914428	20.914428	20.914428	20.914428	24.856094	24.856094	24.856094	24.856094	24.856094	24.856094	24.856094	24.856094	24.856094	24.856094	28.797761	28.797761	28.797761	28.797761	28.797761	28.797761	28.797761	28.797761	28.797761	28.797761	32.739428	32.739428	32.739428	32.739428	32.739428	32.739428	32.739428	32.739428	32.739428	32.739428	36.681094	36.681094	36.681094	36.681094	36.681094	36.681094	36.681094	36.681094	36.681094	36.681094
13.436213	13.436213	13.436213	13.436213	13.436213	13.436213	13.436213	13.436213	13.436213	13.436213	17.377879	17.377879	17.377879	17.377879	17.377879	17.377879	17.377879	17.377879	17.377879	17.377879	21.319546	21.319546	21.319546	21.319546	21.319546	21.319546	21.319546	21.319546	21.319546	21.319546	25.261213	25.261213	25.261213	25.261213	25.261213	25.261213	25.261213	25.261213	25.261213	25.261213	29.202879	29.202879	29.202879	29.202879	29.202879	29.202879	29.202879	29.202879	29.202879	29.202879	33.144546	33.144546	33.144546	33.144546	33.144546	33.144546	33.144546	33.144546	33.144546	33.144546	37.086213	37.086213	37.086213	37.086213	37.086213	37.086213	37.086213	37.086213	37.086213	37.086213
13.874402	13.874402	13.874402	13.874402	13.874402	13.874402	13.874402	13.874402	13.874402	13.874402	17.816068	17.816068	17.816068	17.816068	17.816068	17.816068	17.816068	17.816068	17.816068	17.816068	21.757735	21.757735	21.757735	21.757735	21.757735	21.757735	21.757735	21.757735	21.757735	21.757735	25.699402	25.699402	25.699402	25.699402	25.699402	25.699402	25.699402	25.699402	25.699402	25.699402	29.641068	29.641068	29.641068	29.641068	29.641068	29.641068	29.641068	29.641068	29.641068	29.641068	33.582735	33.582735	33.582735	33.582735	33.582735	33.582735	33.582735	33.582735	33.582735	33.582735	37.524402	37.524402	37.524402	37.524402	37.524402	37.524402	37.524402	37.524402	37.524402	37.524402
4.875	4.875	4.875	4.875	4.875	4.875	4.875	4.875	4.875	4.875	4.875	4.875	4.875	4.875	4.875	4.875	4.875	4.875	4.875	4.875	4.875	4.875	4.875	4.875	4.875	4.875	4.875	4.875	4.875	4.875	4.875	4.875	4.875	4.875	4.875	4.875	4.875	4.875	4.875	4.875	4.875	4.875	4.875	4.875	4.875	4.875	4.875	4.875	4.875	4.875	4.875	4.875	4.875	4.875	4.875	4.875	4.875	4.875	4.875	4.875	4.875	4.875	4.875	4.875	4.875	4.875	4.875	4.875	4.875	4.875
4.875	4.875	4.875	4.875	4.875	4.875	4.875	4.875	4.875	4.875	4.875	4.875	4.875	4.875	4.875	4.875	4.875	4.875	4.875	4.875	4.875	4.875	4.875	4.875	4.875	4.875	4.875	4.875	4.875	4.875	4.875	4.875	4.875	4.875	4.875	4.875	4.875	4.875	4.875	4.875	4.875	4.875	4.875	4.875	4.875	4.875	4.875	4.875	4.875	4.875	4.875	4.875	4.875	4.875	4.875	4.875	4.875	4.875	4.875	4.875	4.875	4.875	4.875	4.875	4.875	4.875	4.875	4.875	4.875	4.875
4.875	4.875	4.875	4.875	4.875	4.875	4.875	4.875	4.875	4.875	4.875	4.875	4.875	4.875	4.875	4.875	4.875	4.875	4.875	4.875	4.875	4.875	4.875	4.875	4.875	4.875	4.875	4.875	4.875	4.875	4.875	4.875	4.875	4.875	4.875	4.875	4.875	4.875	4.875	4.875	4.875	4.875	4.875	4.875	4.875	4.875	4.875	4.875	4.875	4.875	4.875	4.875	4.875	4.875	4.875	4.875	4.875	4.875	4.875	4.875	4.875	4.875	4.875	4.875	4.875	4.875	4.875	4.875	4.875	4.875
4.875	4.875	4.875	4.875	4.875	4.875	4.875	4.875	4.875	4.875	4.875	4.875	4.875	4.875	4.875	4.875	4.875	4.875	4.875	4.875	4.875	4.875	4.875	4.875	4.875	4.875	4.875	4.875	4.875	4.875	4.875	4.875	4.875	4.875	4.875	4.875	4.875	4.875	4.875	4.875	4.875	4.875	4.875	4.875	4.875	4.875	4.875	4.875	4.875	4.875	4.875	4.875	4.875	4.875	4.875	4.875	4.875	4.875	4.875	4.875	4.875	4.875	4.875	4.875	4.875	4.875	4.875	4.875	4.875	4.875
4.875	4.875	4.875	4.875	4.875	4.875	4.875	4.875	4.875	4.875	4.875	4.875	4.875	4.875	4.875	4.875	4.875	4.875	4.875	4.875	4.875	4.875	4.875	4.875	4.875	4.875	4.875	4.875	4.875	4.875	4.875	4.875	4.875	4.875	4.875	4.875	4.875	4.875	4.875	4.875	4.875	4.875	4.875	4.875	4.875	4.875	4.875	4.875	4.875	4.875	4.875	4.875	4.875	4.875	4.875	4.875	4.875	4.875	4.875	4.875	4.875	4.875	4.875	4.875	4.875	4.875	4.875	4.875	4.875	4.875
4.875	4.875	4.875	4.875	4.875	4.875	4.875	4.875	4.875	4.875	4.875	4.875	4.875	4.875	4.875	4.875	4.875	4.875	4.875	4.875	4.875	4.875	4.875	4.875	4.875	4.875	4.875	4.875	4.875	4.875	4.875	4.875	4.875	4.875	4.875	4.875	4.875	4.875	4.875	4.875	4.875	4.875	4.875	4.875	4.875	4.875	4.875	4.875	4.875	4.875	4.875	4.875	4.875	4.875	4.875	4.875	4.875	4.875	4.875	4.875	4.875	4.875	4.875	4.875	4.875	4.875	4.875	4.875	4.875	4.875
4.875	4.875	4.875	4.875	4.875	4.875	4.875	4.875	4.875	4.875	4.875	4.875	4.875	4.875	4.875	4.875	4.875	4.875	4.875	4.875	4.875	4.875	4.875	4.875	4.875	4.875	4.875	4.875	4.875	4.875	4.875	4.875	4.875	4.875	4.875	4.875	4.875	4.875	4.875	4.875	4.875	4.875	4.875	4.875	4.875	4.875	4.875	4.875	4.875	4.875	4.875	4.875	4.875	4.875	4.875	4.875	4.875	4.875	4.875	4.875	4.875	4.875	4.875	4.875	4.875	4.875	4.875	4.875	4.875	4.875
4.875	4.875	4.875	4.875	4.875	4.875	4.875	4.875	4.875	4.875	4.875	4.875	4.875	4.875	4.875	4.875	4.875	4.875	4.875	4.875	4.875	4.875	4.875	4.875	4.875	4.875	4.875	4.875	4.875	4.875	4.875	4.875	4.875	4.875	4.875	4.875	4.875	4.875	4.875	4.875	4.875	4.875	4.875	4.875	4.875	4.875	4.875	4.875	4.875	4.875	4.875	4.875	4.875	4.875	4.875	4.875	4.875	4.875	4.875	4.875	4.875	4.875	4.875	4.875	4.875	4.875	4.875	4.875	4.875	4.875
4.875	4.875	4.875	4.875	4.875	4.875	4.875	4.875	4.875	4.875	4.875	4.875	4.875	4.875	4.875	4.875	4.875	4.875	4.875	4.875	4.875	4.875	4.875	4.875	4.875	4.875	4.875	4.875	4.875	4.875	4.875	4.875	4.875	4.875	4.875	4.875	4.875	4.875	4.875	4.875	4.875	4.875	4.875	4.875	4.875	4.875	4.875	4.875	4.875	4.875	4.875	4.875	4.875	4.875	4.875	4.875	4.875	4.875	4.875	4.875	4.875	4.875	4.875	4.875	4.875	4.875	4.875	4.875	4.875	4.875
4.875	4.875	4.875	4.875	4.875	4.875	4.875	4.875	4.875	4.875	4.875	4.875	4.875	4.875	4.875	4.875	4.875	4.875	4.875	4.875	4.875	4.875	4.875	4.875	4.875	4.875	4.875	4.875	4.875	4.875	4.875	4.875	4.875	4.875	4.875	4.875	4.875	4.875	4.875	4.875	4.875	4.875	4.875	4.875	4.875	4.875	4.875	4.875	4.875	4.875	4.875	4.875	4.875	4.875	4.875	4.875	4.875	4.875	4.875	4.875	4.875	4.875	4.875	4.875	4.875	4.875	4.875	4.875	4.875	4.875
4.875	4.875	4.875	4.875	4.875	4.875	4.875	4.875	4.875	4.875	4.875	4.875	4.875	4.875	4.875	4.875	4.875	4.875	4.875	4.875	4.875	4.875	4.875	4.875	4.875	4.875	4.875	4.875	4.875	4.875	4.875	4.875	4.875	4.875	4.875	4.875	4.875	4.875	4.875	4.875	4.875	4.875	4.875	4.875	4.875	4.875	4.875	4.875	4.875	4.875	4.875	4.875	4.875	4.875	4.875	4.875	4.875	4.875	4.875	4.875	4.875	4.875	4.875	4.875	4.875	4.875	4.875	4.875	4.875	4.875
4.875	4.875	4.875	4.875	4.875	4.875	4.875	4.875	4.875	4.875	4.875	4.875	4.875	4.875	4.875	4.875	4.875	4.875	4.875	4.875	4.875	4.875	4.875	4.875	4.875	4.875	4.875	4.875	4.875	4.875	4.875	4.875	4.875	4.875	4.875	4.875	4.875	4.875	4.875	4.875	4.875	4.875	4.875	4.875	4.875	4.875	4.875	4.875	4.875	4.875	4.875	4.875	4.875	4.875	4.875	4.875	4.875	4.875	4.875	4.875	4.875	4.875	4.875	4.875	4.875	4.875	4.875	4.875	4.875	4.875
4.875	4.875	4.875	4.875	4.875	4.875	4.875	4.875	4.875	4.875	4.875	4.875	4.875	4.875	4.875	4.875	4.875	4.875	4.875	4.875	4.875	4.875	4.875	4.875	4.875	4.875	4.875	4.875	4.875	4.875	4.875	4.875	4.875	4.875	4.875	4.875	4.875	4.875	4.875	4.875	4.875	4.875	4.875	4.875	4.875	4.875	4.875	4.875	4.875	4.875	4.875	4.875	4.875	4.875	4.875	4.875	4.875	4.875	4.875	4.875	4.875	4.875	4.875	4.875	4.875	4.875	4.875	4.875	4.875	4.875
4.875	4.875	4.875	4.875	4.875	4.875	4.875	4.875	4.875	4.875	4.875	4.875	4.875	4.875	4.875	4.875	4.875	4.875	4.875	4.875	4.875	4.875	4.875	4.875	4.875	4.875	4.875	4.875	4.875	4.875	4.875	4.875	4.875	4.875	4.875	4.875	4.875	4.875	4.875	4.875	4.875	4.875	4.875	4.875	4.875	4.875	4.875	4.875	4.875	4.875	4.875	4.875	4.875	4.875	4.875	4.875	4.875	4.875	4.875	4.875	4.875	4.875	4.875	4.875	4.875	4.875	4.875	4.875	4.875	4.875
4.875	4.875	4.875	4.875	4.875	4.875	4.875	4.875	4.875	4.875	4.875	4.875	4.875	4.875	4.875	4.875	4.875	4.875	4.875	4.875	4.875	4.875	4.875	4.875	4.875	4.875	4.875	4.875	4.875	4.875	4.875	4.875	4.875	4.875	4.875	4.875	4.875	4.875	4.875	4.875	4.875	4.875	4.875	4.875	4.875	4.875	4.875	4.875	4.875	4.875	4.875	4.875	4.875	4.875	4.875	4.875	4.875	4.875	4.875	4.875	4.875	4.875	4.875	4.875	4.875	4.875	4.875	4.875	4.875	4.875
4.875	4.875	4.875	4.875	4.875	4.875	4.875	4.875	4.875	4.875	4.875	4.875	4.875	4.875	4.875	4.875	4.875	4.875	4.875	4.875	4.875	4.875	4.875	4.875	4.875	4.875	4.875	4.875	4.875	4.875	4.875	4.875	4.875	4.875	4.875	4.875	4.875	4.875	4.875	4.875	4.875	4.875	4.875	4.875	4.875	4.875	4.875	4.875	4.875	4.875	4.875	4.875	4.875	4.875	4.875	4.875	4.875	4.875	4.875	4.875	4.875	4.875	4.875	4.875	4.875	4.875	4.875	4.875	4.875	4.875
4.875	4.875	4.875	4.875	4.875	4.875	4.875	4.875	4.875	4.875	4.875	4.875	4.875	4.875	4.875	4.875	4.875	4.875	4.875	4.875	4.875	4.875	4.875	4.875	4.875	4.875	4.875	4.875	4.875	4.875	4.875	4.875	4.875	4.875	4.875	4.875	4.875	4.875	4.875	4.875	4.875	4.875	4.875	4.875	4.875	4.875	4.875	4.875	4.875	4.875	4.875	4.875	4.875	4.875	4.875	4.875	4.875	4.875	4.875	4.875	4.875	4.875	4.875	4.875	4.875	4.875	4.875	4.875	4.875	4.875
4.875	4.875	4.875	4.875	4.875	4.875	4.875	4.875	4.875	4.875	4.875	4.875	4.875	4.875	4.875	4.875	4.875	4.875	4.875	4.875	4.875	4.875	4.875	4.875	4.875	4.875	4.875	4.875	4.875	4.875	4.875	4.875	4.875	4.875	4.875	4.875	4.875	4.875	4.875	4.875	4.875	4.875	4.875	4.875	4.875	4.875	4.875	4.875	4.875	4.875	4.875	4.875	4.875	4.875	4.875	4.875	4.875	4.875	4.875	4.875	4.875	4.875	4.875	4.875	4.875	4.875	4.875	4.875	4.875	4.875
4.875	4.875	4.875	4.875	4.875	4.875	4.875	4.875	4.875	4.875	4.875	4.875	4.875	4.875	4.875	4.875	4.875	4.875	4.875	4.875	4.875	4.875	4.875	4.875	4.875	4.875	4.875	4.875	4.875	4.875	4.875	4.875	4.875	4.875	4.875	4.875	4.875	4.875	4.875	4.875	4.875	4.875	4.875	4.875	4.875	4.875	4.875	4.875	4.875	4.875	4.875	4.875	4.875	4.875	4.875	4.875	4.875	4.875	4.875	4.875	4.875	4.875	4.875	4.875	4.875	4.875	4.875	4.875	4.875	4.875
4.875	4.875	4.875	4.875	4.875	4.875	4.875	4.875	4.875	4.875	4.875	4.875	4.875	4.875	4.875	4.875	4.875	4.875	4.875	4.875	4.875	4.875	4.875	4.875	4.875	4.875	4.875	4.875	4.875	4.875	4.875	4.875	4.875	4.875	4.875	4.875	4.875	4.875	4.875	4.875	4.875	4.875	4.875	4.875	4.875	4.875	4.875	4.875	4.875	4.875	4.875	4.875	4.875	4.875	4.875	4.875	4.875	4.875	4.875	4.875	4.875	4.875	4.875	4.875	4.875	4.875	4.875	4.875	4.875	4.875
4.875	4.875	4.875	4.875	4.875	4.875	4.875	4.875	4.875	4.875	4.875	4.875	4.875	4.875	4.875	4.875	4.875	4.875	4.875	4.875	4.875	4.875	4.875	4.875	4.875	4.875	4.875	4.875	4.875	4.875	4.875	4.875	4.875	4.875	4.875	4.875	4.875	4.875	4.875	4.875	4.875	4.875	4.875	4.875	4.875	4.875	4.875	4.875	4.875	4.875	4.875	4.875	4.875	4.875	4.875	4.875	4.875	4.875	4.875	4.875	4.875	4.875	4.875	4.875	4.875	4.875	4.875	4.875	4.875	4.875
4.875	4.875	4.875	4.875	4.875	4.875	4.875	4.875	4.875	4.875	4.875	4.875	4.875	4.875	4.875	4.875	4.875	4.875	4.875	4.875	4.875	4.875	4.875	4.875	4.875	4.875	4.875	4.875	4.875	4.875	4.875	4.875	4.875	4.875	4.875	4.875	4.875	4.875	4.875	4.875	4.875	4.875	4.875	4.875	4.875	4.875	4.875	4.875	4.875	4.875	4.875	4.875	4.875	4.875	4.875	4.875	4.875	4.875	4.875	4.875	4.875	4.875	4.875	4.875	4.875	4.875	4.875	4.875	4.875	4.875
4.875	4.875	4.875	4.875	4.875	4.875	4.875	4.875	4.875	4.875	4.875	4.875	4.875	4.875	4.875	4.875	4.875	4.875	4.875	4.875	4.875	4.875	4.875	4.875	4.875	4.875	4.875	4.875	4.875	4.875	4.875	4.875	4.875	4.875	4.875	4.875	4.875	4.875	4.875	4.875	4.875	4.875	4.875	4.875	4.875	4.875	4.875	4.875	4.875	4.875	4.875	4.875	4.875	4.875	4.875	4.875	4.875	4.875	4.875	4.875	4.875	4.875	4.875	4.875	4.875	4.875	4.875	4.875	4.875	4.875
4.875	4.875	4.875	4.875	4.875	4.875	4.875	4.875	4.875	4.875	4.875	4.875	4.875	4.875	4.875	4.875	4.875	4.875	4.875	4.875	4.875	4.875	4.875	4.875	4.875	4.875	4.875	4.875	4.875	4.875	4.875	4.875	4.875	4.875	4.875	4.875	4.875	4.875	4.875	4.875	4.875	4.875	4.875	4.875	4.875	4.875	4.875	4.875	4.875	4.875	4.875	4.875	4.875	4.875	4.875	4.875	4.875	4.875	4.875	4.875	4.875	4.875	4.875	4.875	4.875	4.875	4.875	4.875	4.875	4.875
4.875	4.875	4.875	4.875	4.875	4.875	4.875	4.875	4.875	4.875	4.875	4.875	4.875	4.875	4.875	4.875	4.875	4.875	4.875	4.875	4.875	4.875	4.875	4.875	4.875	4.875	4.875	4.875	4.875	4.875	4.875	4.875	4.875	4.875	4.875	4.875	4.875	4.875	4.875	4.875	4.875	4.875	4.875	4.875	4.875	4.875	4.875	4.875	4.875	4.875	4.875	4.875	4.875	4.875	4.875	4.875	4.875	4.875	4.875	4.875	4.875	4.875	4.875	4.875	4.875	4.875	4.875	4.875	4.875	4.875
4.875	4.875	4.875	4.875	4.875	4.875	4.875	4.875	4.875	4.875	4.875	4.875	4.875	4.875	4.875	4.875	4.875	4.875	4.875	4.875	4.875	4.875	4.875	4.875	4.875	4.875	4.875	4.875	4.875	4.875	4.875	4.875	4.875	4.875	4.875	4.875	4.875	4.875	4.875	4.875	4.875	4.875	4.875	4.875	4.875	4.875	4.875	4.875	4.875	4.875	4.875	4.875	4.875	4.875	4.875	4.875	4.875	4.875	4.875	4.875	4.875	4.875	4.875	4.875	4.875	4.875	4.875	4.875	4.875	4.875
4.875	4.875	4.875	4.875	4.875	4.875	4.875	4.875	4.875	4.875	4.875	4.875	4.875	4.875	4.875	4.875	4.875	4.875	4.875	4.875	4.875	4.875	4.875	4.875	4.875	4.875	4.875	4.875	4.875	4.875	4.875	4.875	4.875	4.875	4.875	4.875	4.875	4.875	4.875	4.875	4.875	4.875	4.875	4.875	4.875	4.875	4.875	4.875	4.875	4.875	4.875	4.875	4.875	4.875	4.875	4.875	4.875	4.875	4.875	4.875	4.875	4.875	4.875	4.875	4.875	4.875	4.875	4.875	4.875	4.875
4.875	4.875	4.875	4.875	4.875	4.875	4.875	4.875	4.875	4.875	4.875	4.875	4.875	4.875	4.875	4.875	4.875	4.875	4.875	4.875	4.875	4.875	4.875	4.875	4.875	4.875	4.875	4.875	4.875	4.875	4.875	4.875	4.875	4.875	4.875	4.875	4.875	4.875	4.875	4.875	4.875	4.875	4.875	4.875	4.875	4.875	4.875	4.875	4.875	4.875	4.875	4.875	4.875	4.875	4.875	4.875	4.875	4.875	4.875	4.875	4.875	4.875	4.875	4.875	4.875	4.875	4.875	4.875	4.875	4.875
4.875	4.875	4.875	4.875	4.875	4.875	4.875	4.875	4.875	4.875	4.875	4.875	4.875	4.875	4.875	4.875	4.875	4.875	4.875	4.875	4.875	4.875	4.875	4.875	4.875	4.875	4.875	4.875	4.875	4.875	4.875	4.875	4.875	4.875	4.875	4.875	4.875	4.875	4.875	4.875	4.875	4.875	4.875	4.875	4.875	4.875	4.875	4.875	4.875	4.875	4.875	4.875	4.875	4.875	4.875	4.875	4.875	4.875	4.875	4.875	4.875	4.875	4.875	4.875	4.875	4.875	4.875	4.875	4.875	4.875
4.875	4.875	4.875	4.875	4.875	4.875	4.875	4.875	4.875	4.875	4.875	4.875	4.875	4.875	4.875	4.875	4.875	4.875	4.875	4.875	4.875	4.875	4.875	4.875	4.875	4.875	4.875	4.875	4.875	4.875	4.875	4.875	4.875	4.875	4.875	4.875	4.875	4.875	4.875	4.875	4.875	4.875	4.875	4.875	4.875	4.875	4.875	4.875	4.875	4.875	4.875	4.875	4.875	4.875	4.875	4.875	4.875	4.875	4.875	4.875	4.875	4.875	4.875	4.875	4.875	4.875	4.875	4.875	4.875	4.875
4.875	4.875	4.875	4.875	4.875	4.875	4.875	4.875	4.875	4.875	4.875	4.875	4.875	4.875	4.875	4.875	4.875	4.875	4.875	4.875	4.875	4.875	4.875	4.875	4.875	4.875	4.875	4.875	4.875	4.875	4.875	4.875	4.875	4.875	4.875	4.875	4.875	4.875	4.875	4.875	4.875	4.875	4.875	4.875	4.875	4.875	4.875	4.875	4.875	4.875	4.875	4.875	4.875	4.875	4.875	4.875	4.875	4.875	4.875	4.875	4.875	4.875	4.875	4.875	4.875	4.875	4.875	4.875	4.875	4.875
4.875	4.875	4.875	4.875	4.875	4.875	4.875	4.875	4.875	4.875	4.875	4.875	4.875	4.875	4.875	4.875	4.875	4.875	4.875	4.875	4.875	4.875	4.875	4.875	4.875	4.875	4.875	4.875	4.875	4.875	4.875	4.875	4.875	4.875	4.875	4.875	4.875	4.875	4.875	4.875	4.875	4.875	4.875	4.875	4.875	4.875	4.875	4.875	4.875	4.875	4.875	4.875	4.875	4.875	4.875	4.875	4.875	4.875	4.875	4.875	4.875	4.875	4.875	4.875	4.875	4.875	4.875	4.875	4.875	4.875
4.875	4.875	4.875	4.875	4.875	4.875	4.875	4.875	4.875	4.875	4.875	4.875	4.875	4.875	4.875	4.875	4.875	4.875	4.875	4.875	4.875	4.875	4.875	4.875	4.875	4.875	4.875	4.875	4.875	4.875	4.875	4.875	4.875	4.875	4.875	4.875	4.875	4.875	4.875	4.875	4.875	4.875	4.875	4.875	4.875	4.875	4.875	4.875	4.875	4.875	4.875	4.875	4.875	4.875	4.875	4.875	4.875	4.875	4.875	4.875	4.875	4.875	4.875	4.875	4.875	4.875	4.875	4.875	4.875	4.875
4.875	4.875	4.875	4.875	4.875	4.875	4.875	4.875	4.875	4.875	4.875	4.875	4.875	4.875	4.875	4.875	4.875	4.875	4.875	4.875	4.875	4.875	4.875	4.875	4.875	4.875	4.875	4.875	4.875	4.875	4.875	4.875	4.875	4.875	4.875	4.875	4.875	4.875	4.875	4.875	4.875	4.875	4.875	4.875	4.875	4.875	4.875	4.875	4.875	4.875	4.875	4.875	4.875	4.875	4.875	4.875	4.875	4.875	4.875	4.875	4.875	4.875	4.875	4.875	4.875	4.875	4.875	4.875	4.875	4.875
4.875	4.875	4.875	4.875	4.875	4.875	4.875	4.875	4.875	4.875	4.875	4.875	4.875	4.875	4.875	4.875	4.875	4.875	4.875	4.875	4.875	4.875	4.875	4.875	4.875	4.875	4.875	4.875	4.875	4.875	4.875	4.875	4.875	4.875	4.875	4.875	4.875	4.875	4.875	4.875	4.875	4.875	4.875	4.875	4.875	4.875	4.875	4.875	4.875	4.875	4.875	4.875	4.875	4.875	4.875	4.875	4.875	4.875	4.875	4.875	4.875	4.875	4.875	4.875	4.875	4.875	4.875	4.875	4.875	4.875
4.875	4.875	4.875	4.875	4.875	4.875	4.875	4.875	4.875	4.875	4.875	4.875	4.875	4.875	4.875	4.875	4.875	4.875	4.875	4.875	4.875	4.875	4.875	4.875	4.875	4.875	4.875	4.875	4.875	4.875	4.875	4.875	4.875	4.875	4.875	4.875	4.875	4.875	4.875	4.875	4.875	4.875	4.875	4.875	4.875	4.875	4.875	4.875	4.875	4.875	4.875	4.875	4.875	4.875	4.875	4.875	4.875	4.875	4.875	4.875	4.875	4.875	4.875	4.875	4.875	4.875	4.875	4.875	4.875	4.875
4.875	4.875	4.875	4.875	4.875	4.875	4.875	4.875	4.875	4.875	4.875	4.875	4.875	4.875	4.875	4.875	4.875	4.875	4.875	4.875	4.875	4.875	4.875	4.875	4.875	4.875	4.875	4.875	4.875	4.875	4.875	4.875	4.875	4.875	4.875	4.875	4.875	4.875	4.875	4.875	4.875	4.875	4.875	4.875	4.875	4.875	4.875	4.875	4.875	4.875	4.875	4.875	4.875	4.875	4.875	4.875	4.875	4.875	4.875	4.875	4.875	4.875	4.875	4.875	4.875	4.875	4.875	4.875	4.875	4.875
4.875	4.875	4.875	4.875	4.875	4.875	4.875	4.875	4.875	4.875	4.875	4.875	4.875	4.875	4.875	4.875	4.875	4.875	4.875	4.875	4.875	4.875	4.875	4.875	4.875	4.875	4.875	4.875	4.875	4.875	4.875	4.875	4.875	4.875	4.875	4.875	4.875	4.875	4.875	4.875	4.875	4.875	4.875	4.875	4.875	4.875	4.875	4.875	4.875	4.875	4.875	4.875	4.875	4.875	4.875	4.875	4.875	4.875	4.875	4.875	4.875	4.875	4.875	4.875	4.875	4.875	4.875	4.875	4.875	4.875
4.875	4.875	4.875	4.875	4.875	4.875	4.875	4.875	4.875	4.875	4.875	4.875	4.875	4.875	4.875	4.875	4.875	4.875	4.875	4.875	4.875	4.875	4.875	4.875	4.875	4.875	4.875	4.875	4.875	4.875	4.875	4.875	4.875	4.875	4.875	4.875	4.875	4.875	4.875	4.875	4.875	4.875	4.875	4.875	4.875	4.875	4.875	4.875	4.875	4.875	4.875	4.875	4.875	4.875	4.875	4.875	4.875	4.875	4.875	4.875	4.875	4.875	4.875	4.875	4.875	4.875	4.875	4.875	4.875	4.875
4.875	4.875	4.875	4.875	4.875	4.875	4.875	4.875	4.875	4.875	4.875	4.875	4.875	4.875	4.875	4.875	4.875	4.875	4.875	4.875	4.875	4.875	4.875	4.875	4.875	4.875	4.875	4.875	4.875	4.875	4.875	4.875	4.875	4.875	4.875	4.875	4.875	4.875	4.875	4.875	4.875	4.875	4.875	4.875	4.875	4.875	4.875	4.875	4.875	4.875	4.875	4.875	4.875	4.875	4.875	4.875	4.875	4.875	4.875	4.875	4.875	4.875	4.875	4.875	4.875	4.875	4.875	4.875	4.875	4.875
0.455742	0.466259	0.459247	0.462753	0.466259	0.466259	0.462753	0.462753	0.462753	0.459247	0.452236	0.452236	0.44873	0.452236	0.455742	0.452236	0.44873	0.452236	0.452236	0.452236	0.44873	0.455742	0.452236	0.452236	0.44873	0.452236	0.452236	0.452236	0.44873	0.44873	0.44873	0.441719	0.445226	0.445224	0.44172	0.445224	0.445226	0.448731	0.44873	0.445224	0.438213	0.441719	0.438214	0.441719	0.44172	0.44172	0.44172	0.445224	0.445226	0.441719	0.438214	0.44172	0.44172	0.438214	0.438214	0.445226	0.438214	0.438214	0.438214	0.438214	0.452237	0.448731	0.448731	0.452237	0.445225	0.452237	0.445225	0.448731	0.452237	0.452237
0.445569	0.448752	0.445569	0.445569	0.448752	0.448752	0.448752	0.445569	0.448752	0.445569	0.442386	0.439204	0.439204	0.432839	0.439204	0.439204	0.436021	0.436022	0.432839	0.442386	0.432839	0.432839	0.432839	0.432839	0.432839	0.432839	0.436022	0.436022	0.436021	0.429656	0.426474	0.429656	0.429656	0.426474	0.429656	0.426474	0.429656	0.426474	0.429656	0.426474	0.429656	0.426474	0.426474	0.426474	0.432839	0.429656	0.429656	0.429656	0.429656	0.426474	0.426474	0.429656	0.432839	0.429656	0.426474	0.426474	0.429656	0.426474	0.426474	0.423291	0.436022	0.432839	0.436022	0.439204	0.432839	0.436022	0.436022	0.436022	0.436022	0.436022
0.448591	0.448591	0.445268	0.448591	0.445268	0.448591	0.448591	0.448591	0.448591	0.445268	0.441945	0.441945	0.441945	0.441945	0.438623	0.441945	0.441945	0.445268	0.441945	0.445268	0.438623	0.441945	0.438623	0.438623	0.438623	0.438623	0.438623	0.438623	0.441945	0.438623	0.431977	0.431977	0.431977	0.431977	0.431977	0.431977	0.428653	0.4353	0.428653	0.428653	0.4353	0.428653	0.4353	0.428654	0.4353	0.431976	0.428653	0.431976	0.431976	0.4353	0.435299	0.431976	0.435299	0.435299	0.431976	0.428653	0.431976	0.431976	0.431976	0.428653	0.435299	0.438622	0.438622	0.441945	0.438622	0.435299	0.438622	0.438622	0.438622	0.438622
0.408009	0.411106	0.411106	0.408009	0.414293	0.408009	0.408009	0.411106	0.411106	0.408009	0.407919	0.404821	0.404821	0.407919	0.404821	0.404821	0.398446	0.404821	0.404821	0.404821	0.401634	0.401634	0.401634	0.401634	0.408009	0.404821	0.401634	0.404821	0.401634	0.398446	0.395259	0.395259	0.395259	0.398446	0.395259	0.392071	0.392071	0.395259	0.398446	0.395259	0.392071	0.395171	0.395259	0.395171	0.395259	0.395171	0.395259	0.395259	0.395259	0.392071	0.398358	0.388884	0.398358	0.398358	0.395171	0.395171	0.391984	0.391984	0.395171	0.392071	0.404732	0.398358	0.404732	0.401545	0.401545	0.401545	0.404732	0.404732	0.401545	0.401545
0.436407	0.436407	0.436407	0.436407	0.436407	0.439416	0.439416	0.436407	0.442426	0.436407	0.439416	0.442426	0.439416	0.439416	0.442426	0.439416	0.436407	0.439416	0.442426	0.439416	0.436407	0.436407	0.433397	0.433397	0.433397	0.433397	0.436407	0.433397	0.430387	0.433397	0.427378	0.424368	0.427378	0.430387	0.424368	0.424368	0.427378	0.427378	0.427378	0.427378	0.427378	0.427378	0.421358	0.424368	0.427378	0.427378	0.427378	0.424368	0.424368	0.427378	0.427378	0.430388	0.430388	0.427378	0.430388	0.433397	0.424368	0.427378	0.430388	0.433397	0.430388	0.430388	0.433397	0.433397	0.433397	0.430388	0.433397	0.433397	0.430388	0.430388
0.398459	0.401917	0.401917	0.401917	0.401917	0.401917	0.401917	0.39836	0.405473	0.401917	0.405574	0.405574	0.40903	0.405574	0.405473	0.405574	0.402017	0.405473	0.405574	0.405574	0.398459	0.398459	0.394901	0.398459	0.394901	0.405574	0.394901	0.398459	0.398459	0.394901	0.391344	0.391344	0.387786	0.391344	0.387786	0.387786	0.391344	0.387786	0.387786	0.391344	0.391344	0.391344	0.391246	0.387786	0.391344	0.394901	0.394901	0.391246	0.394901	0.398459	0.394803	0.39836	0.394803	0.394803	0.39836	0.401917	0.394803	0.39836	0.394803	0.39836	0.401917	0.405474	0.401917	0.405474	0.405474	0.401917	0.405474	0.39836	0.401917	0.405474
0.450853	0.447158	0.447158	0.447158	0.450853	0.450853	0.447158	0.447158	0.450853	0.447158	0.450853	0.454549	0.454549	0.454549	0.450853	0.450853	0.450853	0.450853	0.447158	0.450853	0.450853	0.447158	0.447043	0.450853	0.447043	0.447158	0.447158	0.450853	0.447158	0.447158	0.436071	0.439767	0.439654	0.435959	0.436071	0.439654	0.435959	0.435959	0.439767	0.435959	0.439767	0.443348	0.443348	0.443348	0.443348	0.443348	0.443348	0.439654	0.443348	0.443348	0.447043	0.447043	0.447043	0.443348	0.447043	0.450738	0.450738	0.447043	0.447043	0.443348	0.450738	0.450738	0.454432	0.450854	0.450738	0.450854	0.450738	0.454432	0.454432	0.447158
0.35188	0.355546	0.35188	0.348215	0.348215	0.35188	0.35188	0.348215	0.35188	0.34455	0.35188	0.35188	0.35188	0.35188	0.35188	0.340971	0.34455	0.348215	0.35197	0.344637	0.348215	0.344637	0.35188	0.35197	0.348303	0.348215	0.35188	0.344637	0.348303	0.34455	0.337304	0.337304	0.337304	0.337304	0.337304	0.333638	0.337304	0.337304	0.337304	0.337304	0.337304	0.340971	0.337304	0.337304	0.337304	0.340971	0.340971	0.337304	0.337304	0.337304	0.35197	0.348303	0.351881	0.348303	0.348303	0.344637	0.351881	0.344637	0.348303	0.344637	0.348215	0.348303	0.351881	0.348215	0.344637	0.348303	0.348215	0.348215	0.348215	0.351881
0.392232	0.389052	0.389052	0.389052	0.389052	0.392321	0.389052	0.389052	0.395501	0.389052	0.392321	0.392321	0.392321	0.39559	0.392321	0.392321	0.392321	0.392321	0.392321	0.39559	0.389052	0.392321	0.385782	0.392321	0.389052	0.392321	0.392321	0.389052	0.389052	0.392321	0.385782	0.382513	0.385782	0.389052	0.382513	0.385782	0.382426	0.385782	0.385782	0.389052	0.382426	0.379244	0.385782	0.382426	0.382426	0.385695	0.382513	0.385695	0.382426	0.385695	0.395501	0.382426	0.392232	0.392232	0.392232	0.395501	0.392232	0.388963	0.395501	0.392232	0.395501	0.388963	0.392232	0.395501	0.392232	0.392232	0.392232	0.392232	0.392232	0.388963
0.397868	0.397868	0.397868	0.397868	0.397868	0.401268	0.397868	0.401268	0.397868	0.397868	0.401268	0.404669	0.401268	0.397868	0.401268	0.397868	0.401268	0.397868	0.397868	0.401268	0.397868	0.397868	0.397868	0.401268	0.401268	0.397868	0.401268	0.401268	0.397868	0.397868	0.391067	0.391067	0.394467	0.394467	0.391067	0.394467	0.391067	0.391067	0.387666	0.391067	0.391067	0.387666	0.391067	0.391067	0.391067	0.391067	0.394467	0.387666	0.394467	0.394467	0.397868	0.394467	0.394467	0.397868	0.394467	0.404669	0.394467	0.401268	0.401268	0.397868	0.404669	0.401268	0.397868	0.404573	0.404669	0.401268	0.401268	0.401268	0.401268	0.401173
0.325185	0.328196	0.328196	0.331207	0.331207	0.331207	0.331207	0.331207	0.331207	0.325185	0.331207	0.331207	0.334218	0.331207	0.334218	0.331207	0.331207	0.328196	0.331207	0.328196	0.328196	0.328196	0.328196	0.328196	0.328196	0.328196	0.328196	0.328196	0.328196	0.322174	0.319163	0.322174	0.319163	0.319163	0.319163	0.319163	0.319163	0.319163	0.319163	0.319163	0.316152	0.319163	0.319163	0.316152	0.319163	0.319163	0.319163	0.316152	0.322174	0.322174	0.325185	0.328196	0.322174	0.328196	0.325185	0.334218	0.328196	0.328196	0.325185	0.331207	0.334218	0.331207	0.331207	0.34024	0.334218	0.331207	0.334218	0.331207	0.331207	0.331207
0.39586	0.399131	0.39586	0.399131	0.399131	0.399131	0.399131	0.39586	0.399131	0.39586	0.399131	0.399131	0.39586	0.399131	0.39586	0.399131	0.399131	0.399131	0.399131	0.39586	0.392588	0.392588	0.392588	0.389317	0.392588	0.392588	0.392588	0.392588	0.389317	0.392588	0.385957	0.389227	0.389317	0.385957	0.386045	0.389227	0.389227	0.385957	0.389227	0.389317	0.385957	0.389227	0.389227	0.389227	0.389227	0.389227	0.389227	0.389227	0.395769	0.389227	0.39904	0.402311	0.39904	0.395769	0.39904	0.39904	0.39904	0.39904	0.39904	0.39904	0.405582	0.402311	0.402311	0.405582	0.405582	0.402311	0.405582	0.405582	0.405582	0.402311
0.398747	0.40207	0.40207	0.40207	0.40207	0.398747	0.40207	0.40207	0.405393	0.398747	0.40207	0.398747	0.40207	0.398747	0.398747	0.40207	0.395424	0.40207	0.398747	0.40207	0.395424	0.395424	0.395424	0.395424	0.395424	0.395424	0.395424	0.392102	0.395424	0.395424	0.392102	0.395425	0.398747	0.395424	0.395424	0.392102	0.395425	0.395424	0.398747	0.395424	0.395424	0.392102	0.392102	0.392102	0.395424	0.392102	0.395425	0.395425	0.395425	0.388779	0.40207	0.40207	0.412039	0.405393	0.40207	0.395425	0.40207	0.40207	0.40207	0.398748	0.405393	0.398748	0.408716	0.405393	0.40207	0.405393	0.405393	0.405393	0.408716	0.40207
0.397461	0.397461	0.397461	0.400363	0.400363	0.397461	0.397461	0.397461	0.400363	0.397461	0.397461	0.397461	0.397461	0.39456	0.39456	0.39456	0.391659	0.397461	0.39456	0.39456	0.388758	0.388758	0.388758	0.388758	0.391659	0.391659	0.391659	0.388758	0.388758	0.391659	0.391659	0.391659	0.394481	0.397461	0.391659	0.39158	0.38868	0.394481	0.394481	0.39158	0.394481	0.38868	0.39158	0.38868	0.39158	0.394481	0.39158	0.38868	0.39158	0.39158	0.403183	0.397381	0.403183	0.400282	0.400282	0.397381	0.394481	0.397381	0.400282	0.403183	0.400282	0.400282	0.403183	0.403183	0.400282	0.400282	0.400282	0.400282	0.403183	0.403183
0.435664	0.435582	0.435664	0.435664	0.438387	0.438304	0.435582	0.435664	0.438387	0.432941	0.435582	0.435582	0.438304	0.432859	0.435582	0.432859	0.438304	0.432941	0.432859	0.435582	0.430137	0.427414	0.430137	0.424692	0.430137	0.427414	0.430137	0.430137	0.427414	0.427414	0.427414	0.432859	0.427414	0.430137	0.430137	0.430137	0.427414	0.427414	0.430137	0.430137	0.427414	0.430137	0.427495	0.430137	0.430218	0.430137	0.427495	0.427414	0.427495	0.430218	0.435664	0.430218	0.432941	0.432941	0.432941	0.438387	0.430218	0.435664	0.432941	0.435664	0.438387	0.435664	0.435664	0.438387	0.435664	0.435664	0.435664	0.438387	0.438387	0.432941
0.396724	0.400138	0.396724	0.396724	0.396724	0.396724	0.396724	0.396724	0.400235	0.396724	0.396724	0.396724	0.396724	0.396724	0.396724	0.396724	0.396724	0.396724	0.396724	0.396724	0.389703	0.393214	0.393214	0.393214	0.393214	0.389608	0.393214	0.393118	0.393214	0.393214	0.389608	0.393214	0.393118	0.393118	0.389608	0.393118	0.386098	0.389608	0.389608	0.396628	0.393118	0.393118	0.393118	0.393118	0.396628	0.393118	0.393118	0.386098	0.393118	0.393118	0.396628	0.400138	0.393118	0.396628	0.396628	0.400138	0.396628	0.396628	0.396628	0.400138	0.403648	0.396628	0.400138	0.400138	0.396628	0.400138	0.400138	0.396724	0.396628	0.400138
0.404749	0.401289	0.39783	0.401289	0.39783	0.401289	0.401289	0.401289	0.404749	0.394465	0.394465	0.394371	0.394465	0.394371	0.394371	0.394371	0.390911	0.391005	0.39783	0.391005	0.387452	0.387545	0.384085	0.384085	0.387545	0.387545	0.384085	0.384085	0.390911	0.387452	0.384085	0.384085	0.387545	0.387545	0.387545	0.384085	0.384085	0.387545	0.387545	0.384085	0.391005	0.391005	0.391005	0.391005	0.391005	0.391005	0.391005	0.391005	0.394465	0.387545	0.391005	0.391005	0.394465	0.394465	0.394465	0.394465	0.391005	0.394465	0.394465	0.391005	0.397925	0.397925	0.394465	0.397925	0.394465	0.394465	0.401386	0.394465	0.397925	0.397925
0.406724	0.403335	0.403335	0.410114	0.403335	0.403335	0.406724	0.406724	0.406724	0.406724	0.396556	0.396556	0.399946	0.396556	0.399946	0.396556	0.393167	0.399946	0.396556	0.396556	0.393167	0.396556	0.393167	0.396556	0.393167	0.393167	0.393167	0.393167	0.393167	0.389778	0.393167	0.393167	0.393167	0.393167	0.393167	0.393167	0.393167	0.393167	0.393167	0.389778	0.399946	0.396556	0.403335	0.403335	0.403335	0.399946	0.399946	0.403335	0.399946	0.403335	0.399946	0.403335	0.406724	0.403335	0.403335	0.403335	0.399946	0.406724	0.403335	0.406724	0.399946	0.406724	0.399946	0.406724	0.406724	0.406724	0.403335	0.399946	0.403335	0.403335
0.420293	0.423477	0.420293	0.420293	0.423477	0.417109	0.423477	0.420293	0.423477	0.423477	0.417109	0.410741	0.413926	0.413926	0.413926	0.413925	0.413925	0.413926	0.417109	0.413925	0.404374	0.404374	0.404374	0.407558	0.404374	0.407558	0.407558	0.407558	0.404374	0.410742	0.407558	0.407558	0.407558	0.407558	0.407558	0.410742	0.407558	0.404374	0.410742	0.407558	0.410742	0.413926	0.413926	0.413926	0.410742	0.410742	0.413926	0.413926	0.413926	0.413926	0.41711	0.41711	0.420294	0.41711	0.41711	0.420294	0.41711	0.420294	0.41711	0.41711	0.420294	0.420294	0.41711	0.420294	0.426662	0.423478	0.420294	0.41711	0.420294	0.420294
0.572943	0.576057	0.572943	0.572943	0.572943	0.572943	0.576057	0.576057	0.572943	0.572943	0.569829	0.569829	0.566716	0.569829	0.569829	0.569829	0.569829	0.572943	0.572943	0.569829	0.560488	0.560488	0.560488	0.563602	0.560488	0.560488	0.560488	0.560488	0.563602	0.560488	0.563602	0.563602	0.560488	0.563602	0.563602	0.563602	0.560488	0.560488	0.560488	0.563602	0.566716	0.566716	0.566716	0.569829	0.566716	0.566716	0.566716	0.566716	0.566716	0.566716	0.576057	0.576057	0.572943	0.576057	0.576057	0.576057	0.572943	0.576057	0.572943	0.576057	0.579171	0.582285	0.579171	0.582285	0.579171	0.579171	0.576057	0.579171	0.579171	0.579171
0.420127	0.420127	0.416684	0.420127	0.420027	0.41324	0.416684	0.416584	0.416584	0.420027	0.416584	0.416584	0.416584	0.416584	0.416684	0.416584	0.420027	0.420027	0.420027	0.416584	0.413141	0.409698	0.409698	0.413141	0.409698	0.409698	0.409698	0.413141	0.409698	0.409698	0.409698	0.409698	0.413141	0.406255	0.413141	0.413141	0.409698	0.406354	0.413141	0.406354	0.413241	0.413141	0.409797	0.420027	0.413241	0.413241	0.416584	0.413241	0.413241	0.409797	0.420128	0.416685	0.416685	0.420128	0.416685	0.420128	0.416685	0.420128	0.416685	0.416685	0.427016	0.430459	0.427016	0.427016	0.430459	0.430459	0.427016	0.427016	0.427016	0.427016
0.415591	0.419026	0.419026	0.415591	0.419026	0.419026	0.415591	0.415591	0.415591	0.419026	0.415591	0.415591	0.415591	0.415591	0.415591	0.415591	0.412157	0.415591	0.415591	0.415591	0.405287	0.412157	0.412157	0.408722	0.408722	0.412157	0.408722	0.412157	0.408722	0.412157	0.408722	0.412157	0.408722	0.405287	0.408722	0.408722	0.405287	0.408722	0.408722	0.408722	0.415591	0.415591	0.412157	0.422461	0.415591	0.412157	0.419026	0.415591	0.419026	0.415592	0.415592	0.412157	0.412157	0.415592	0.415592	0.412157	0.415592	0.415592	0.415592	0.415592	0.422461	0.422461	0.425896	0.422461	0.422461	0.425896	0.422461	0.419026	0.425896	0.422461
0.384771	0.388005	0.388005	0.384771	0.384771	0.388005	0.388005	0.388005	0.388005	0.384771	0.381538	0.384771	0.381538	0.384771	0.384771	0.384771	0.381538	0.384771	0.384771	0.381538	0.375071	0.378305	0.378305	0.381538	0.378305	0.378305	0.378305	0.378305	0.378305	0.378305	0.375071	0.375071	0.378305	0.368605	0.378305	0.375071	0.375071	0.375071	0.375071	0.375071	0.381538	0.378304	0.388005	0.384771	0.384771	0.384771	0.381538	0.381538	0.384771	0.381538	0.384771	0.381538	0.384771	0.381538	0.384771	0.381538	0.384771	0.384771	0.384771	0.384771	0.391238	0.391238	0.388005	0.388005	0.391238	0.394471	0.388005	0.388005	0.391238	0.391238
0.394243	0.397556	0.387617	0.394243	0.394243	0.39093	0.391019	0.394243	0.39093	0.394243	0.387617	0.384391	0.387705	0.39093	0.39093	0.387705	0.387705	0.384391	0.39093	0.387705	0.381078	0.381078	0.381078	0.384304	0.384391	0.384391	0.381078	0.381078	0.384391	0.384391	0.381078	0.381078	0.381078	0.377764	0.377764	0.381078	0.37445	0.377764	0.381078	0.377764	0.387705	0.387705	0.391019	0.394333	0.394333	0.391019	0.391019	0.391019	0.391019	0.387705	0.394333	0.394333	0.397646	0.397646	0.397646	0.394333	0.394333	0.394333	0.394333	0.397646	0.40096	0.40096	0.40096	0.397646	0.40096	0.40096	0.397646	0.394333	0.397646	0.397646
0.42165	0.424919	0.424919	0.42165	0.424919	0.424919	0.421649	0.424919	0.421649	0.428187	0.418381	0.418381	0.421649	0.421649	0.418381	0.418381	0.418381	0.418381	0.418381	0.421649	0.411844	0.411844	0.411844	0.411844	0.411844	0.408575	0.408575	0.408575	0.408575	0.411844	0.411844	0.408575	0.408575	0.408575	0.411844	0.411844	0.411844	0.405307	0.411844	0.411844	0.424918	0.418381	0.421649	0.424918	0.421649	0.421649	0.421649	0.421649	0.421649	0.421649	0.428187	0.424918	0.428187	0.428187	0.428187	0.421649	0.428187	0.428187	0.428187	0.424918	0.431455	0.431455	0.434724	0.431455	0.431455	0.431455	0.428187	0.431455	0.434724	0.428187
0.402308	0.405223	0.402308	0.402308	0.399392	0.399392	0.399392	0.402308	0.399392	0.399392	0.396477	0.393562	0.393562	0.396477	0.393562	0.393562	0.390647	0.393562	0.396477	0.396477	0.390647	0.390647	0.390647	0.387731	0.390647	0.390647	0.387731	0.390647	0.393562	0.390647	0.393562	0.387731	0.390647	0.390647	0.390647	0.387731	0.390647	0.393562	0.390647	0.393562	0.402308	0.402308	0.402308	0.405223	0.399392	0.399392	0.399392	0.402308	0.399392	0.399392	0.405223	0.408138	0.408138	0.402308	0.405223	0.405223	0.405223	0.402308	0.402308	0.405223	0.413969	0.405223	0.405223	0.408138	0.411054	0.408138	0.411054	0.413969	0.408138	0.408138
0.402328	0.405496	0.39916	0.405496	0.395992	0.402328	0.402328	0.39916	0.402328	0.402328	0.395992	0.395992	0.39916	0.395992	0.395992	0.395992	0.392824	0.395992	0.39916	0.392824	0.395992	0.395992	0.395992	0.395992	0.395992	0.395992	0.399072	0.395992	0.399072	0.39916	0.395905	0.392824	0.395905	0.38957	0.395905	0.392738	0.392738	0.392738	0.395905	0.389657	0.402239	0.405407	0.408574	0.405407	0.408574	0.405407	0.402239	0.405407	0.405407	0.405407	0.408574	0.405407	0.408574	0.405407	0.405496	0.405407	0.408574	0.408574	0.405407	0.411741	0.418076	0.408664	0.414908	0.414908	0.411741	0.411832	0.411832	0.414908	0.414908	0.418076
0.411929	0.408711	0.411929	0.408711	0.411929	0.408711	0.411929	0.411929	0.411929	0.411929	0.405492	0.405492	0.405492	0.405492	0.408711	0.405492	0.405492	0.405492	0.408711	0.408711	0.405492	0.405492	0.411929	0.408711	0.408802	0.408711	0.405584	0.408711	0.411929	0.405584	0.405584	0.405492	0.405584	0.402274	0.402365	0.405584	0.405584	0.408802	0.405584	0.408711	0.41524	0.41524	0.412021	0.41524	0.418459	0.41524	0.412021	0.412021	0.41524	0.41524	0.41524	0.41524	0.41524	0.415148	0.41524	0.41524	0.418459	0.418366	0.418459	0.415148	0.424897	0.421678	0.424897	0.421678	0.424802	0.424897	0.424802	0.424897	0.421584	0.421584
0.378255	0.381725	0.381725	0.374785	0.381725	0.378255	0.378255	0.385195	0.381725	0.381725	0.374785	0.371314	0.374785	0.374785	0.374785	0.371314	0.371314	0.378255	0.374785	0.374785	0.374785	0.374785	0.378255	0.374785	0.378255	0.374785	0.374785	0.374785	0.378255	0.371314	0.374785	0.378255	0.374785	0.371314	0.374785	0.374785	0.371314	0.374785	0.374785	0.374785	0.385195	0.385195	0.381725	0.385195	0.385195	0.385195	0.381725	0.385195	0.381725	0.388665	0.385195	0.385195	0.385195	0.385195	0.385195	0.388665	0.385195	0.388665	0.388665	0.385195	0.39898	0.395606	0.39551	0.39898	0.395606	0.39551	0.39551	0.39898	0.39551	0.39898
0.421619	0.421619	0.41498	0.4183	0.41498	0.4183	0.4183	0.4183	0.4183	0.41498	0.41166	0.41166	0.40834	0.41166	0.41166	0.40834	0.40834	0.41166	0.41498	0.41166	0.40834	0.41166	0.41166	0.411565	0.41498	0.41166	0.41166	0.41166	0.41498	0.408246	0.41166	0.411565	0.411565	0.404927	0.411565	0.414884	0.411565	0.40834	0.414884	0.411565	0.421522	0.421522	0.421522	0.418203	0.421522	0.418203	0.414884	0.421522	0.421522	0.421522	0.421522	0.421522	0.424841	0.421522	0.421522	0.424841	0.418203	0.421522	0.421522	0.421522	0.434798	0.431479	0.434798	0.434798	0.428258	0.438117	0.434798	0.434898	0.431578	0.434898
0.390593	0.390593	0.387226	0.39396	0.387226	0.387317	0.390685	0.390593	0.397328	0.39396	0.383949	0.387226	0.390685	0.383949	0.387317	0.387317	0.380581	0.387317	0.387317	0.383949	0.383949	0.383949	0.383949	0.383949	0.380581	0.387317	0.383949	0.383949	0.383949	0.383949	0.387317	0.390685	0.390685	0.387317	0.390685	0.387317	0.390685	0.390685	0.390685	0.390685	0.394053	0.390685	0.394053	0.394053	0.394053	0.390685	0.390685	0.394053	0.397421	0.394053	0.397421	0.400789	0.397421	0.400789	0.397421	0.397421	0.394053	0.397421	0.397421	0.397421	0.407525	0.407525	0.407525	0.410893	0.407525	0.407525	0.407525	0.410893	0.407525	0.404156
0.383115	0.383115	0.383115	0.379466	0.383115	0.383115	0.383115	0.383115	0.383115	0.383115	0.379466	0.375817	0.379466	0.375817	0.379466	0.379466	0.372169	0.375817	0.379466	0.379466	0.383115	0.379466	0.383115	0.383115	0.379466	0.379466	0.379466	0.375817	0.379466	0.379466	0.383017	0.390313	0.383017	0.383017	0.386665	0.386665	0.383017	0.386665	0.390412	0.390412	0.386665	0.386665	0.390313	0.390313	0.39396	0.390313	0.390313	0.386665	0.390313	0.390313	0.39396	0.390313	0.39396	0.397608	0.39396	0.39396	0.39396	0.39396	0.390412	0.39396	0.401256	0.404904	0.401256	0.404904	0.401256	0.397709	0.401256	0.397709	0.401256	0.401358
0.392158	0.395346	0.395346	0.395346	0.395346	0.392158	0.395346	0.392158	0.392158	0.398534	0.382594	0.388969	0.388969	0.388969	0.382593	0.388969	0.382593	0.385781	0.388969	0.382594	0.385781	0.385782	0.382594	0.388969	0.382594	0.385782	0.385782	0.388969	0.385782	0.388969	0.392159	0.395346	0.392159	0.392159	0.38897	0.38897	0.38897	0.38897	0.38897	0.38897	0.395347	0.395347	0.395347	0.395347	0.395347	0.395347	0.398535	0.395347	0.395347	0.395347	0.398535	0.395347	0.398535	0.398535	0.401723	0.395347	0.395347	0.398535	0.398535	0.401723	0.404912	0.401723	0.404912	0.404912	0.4081	0.404912	0.401723	0.401723	0.401723	0.404912
0.468224	0.468224	0.46113	0.464677	0.464677	0.464677	0.468224	0.464677	0.464677	0.468224	0.457583	0.457583	0.457583	0.457583	0.457583	0.46113	0.457583	0.457583	0.457583	0.454036	0.457583	0.457583	0.454036	0.457583	0.46113	0.457583	0.454036	0.457583	0.457583	0.457583	0.464677	0.464677	0.464677	0.468224	0.468224	0.46113	0.464677	0.464677	0.464677	0.464677	0.471772	0.468224	0.468224	0.471772	0.468224	0.471772	0.468224	0.468224	0.468224	0.468224	0.475319	0.475319	0.475319	0.475319	0.482413	0.478866	0.478866	0.478866	0.478866	0.478866	0.482413	0.482413	0.475319	0.482413	0.48596	0.482413	0.478866	0.475319	0.48596	0.482413
0.384374	0.380782	0.380782	0.384374	0.377189	0.377189	0.384374	0.380782	0.377189	0.384374	0.373597	0.377189	0.373597	0.373597	0.373597	0.380782	0.373597	0.373597	0.373597	0.373597	0.370005	0.370005	0.370005	0.377189	0.370005	0.373597	0.370005	0.373597	0.373597	0.373597	0.380782	0.384374	0.377189	0.387966	0.377189	0.377189	0.377189	0.384374	0.380782	0.377189	0.384374	0.380782	0.380782	0.384374	0.380782	0.384374	0.384374	0.384374	0.384374	0.387966	0.387966	0.391559	0.391559	0.391559	0.391559	0.391559	0.391559	0.391559	0.391559	0.391559	0.398743	0.398743	0.395151	0.398743	0.398743	0.395151	0.395151	0.395151	0.402335	0.402335
0.414078	0.420504	0.417339	0.417339	0.414078	0.410818	0.414078	0.420599	0.414078	0.420504	0.407557	0.410818	0.410818	0.410818	0.407557	0.407557	0.407557	0.407557	0.407557	0.407557	0.404297	0.407557	0.407557	0.410818	0.407557	0.410818	0.404297	0.404297	0.407557	0.407557	0.417339	0.414078	0.417339	0.420599	0.414078	0.414078	0.414078	0.417339	0.414078	0.414078	0.420504	0.417245	0.417245	0.420599	0.420599	0.420504	0.420599	0.420504	0.417339	0.423859	0.427024	0.423764	0.423764	0.430283	0.427024	0.423764	0.427024	0.427024	0.427024	0.427024	0.436803	0.436803	0.436803	0.436803	0.433543	0.436803	0.433543	0.440063	0.440063	0.440063
0.396586	0.396586	0.396586	0.399947	0.399947	0.393225	0.399947	0.399947	0.399947	0.396586	0.389864	0.389864	0.389864	0.393225	0.389864	0.393225	0.389864	0.393225	0.389863	0.389864	0.389864	0.386503	0.389864	0.393225	0.389864	0.386503	0.389864	0.389863	0.389864	0.389864	0.396585	0.399946	0.396585	0.406668	0.396585	0.403307	0.399947	0.396585	0.399946	0.396585	0.406668	0.403307	0.403307	0.403307	0.406668	0.403307	0.403307	0.403307	0.403307	0.403307	0.406668	0.403307	0.406668	0.410029	0.406668	0.406668	0.406668	0.406668	0.406668	0.403307	0.416751	0.416751	0.41339	0.416751	0.420112	0.416751	0.416751	0.416751	0.420112	0.416751
0.412026	0.408781	0.408781	0.408781	0.412026	0.412026	0.412026	0.408781	0.412026	0.412026	0.408781	0.408781	0.408781	0.408781	0.408781	0.408781	0.408781	0.408781	0.408781	0.408781	0.405537	0.405537	0.408781	0.408781	0.408781	0.408781	0.405537	0.408781	0.408781	0.408781	0.418514	0.418514	0.421759	0.425003	0.418514	0.418514	0.421759	0.418514	0.41527	0.418514	0.425003	0.421759	0.421759	0.425003	0.425003	0.421759	0.425003	0.425003	0.421759	0.421759	0.428247	0.431491	0.431491	0.434736	0.428247	0.428247	0.431491	0.425003	0.428247	0.428247	0.434736	0.431491	0.43798	0.43798	0.43798	0.43798	0.43798	0.434736	0.441224	0.441224
0.412305	0.412305	0.409058	0.415551	0.409058	0.412305	0.415551	0.412305	0.412305	0.415551	0.415551	0.415551	0.412305	0.415551	0.418798	0.415551	0.415551	0.415551	0.418798	0.418798	0.412305	0.415551	0.412305	0.415551	0.415551	0.412305	0.412305	0.412305	0.412305	0.415551	0.418798	0.422044	0.422044	0.428537	0.418798	0.422044	0.418798	0.425291	0.418798	0.422044	0.422044	0.422044	0.422044	0.422044	0.418798	0.422044	0.422044	0.418798	0.418798	0.422044	0.428537	0.428537	0.428537	0.428537	0.428537	0.428537	0.431783	0.428537	0.42529	0.431783	0.438276	0.438276	0.438276	0.43503	0.441523	0.441523	0.441523	0.441523	0.441523	0.43503
0.42517	0.42517	0.42517	0.421973	0.42517	0.42517	0.42517	0.421973	0.42517	0.421973	0.421973	0.421973	0.42517	0.42517	0.42517	0.42517	0.42517	0.42517	0.42517	0.42517	0.421973	0.421973	0.421973	0.42517	0.42517	0.42517	0.42517	0.421973	0.421973	0.42517	0.434761	0.431564	0.431564	0.431564	0.431564	0.431564	0.431564	0.434761	0.431564	0.431564	0.434761	0.434761	0.434761	0.437957	0.437957	0.434761	0.434761	0.434761	0.434761	0.434761	0.447548	0.444351	0.444351	0.447548	0.447548	0.444351	0.450744	0.444351	0.444351	0.444351	0.453941	0.457138	0.453941	0.457138	0.453941	0.453941	0.450744	0.457138	0.457138	0.453941
0.582091	0.582217	0.583851	0.583719	0.580703	0.581834	0.582588	0.582165	0.582445	0.581943	0.582548	0.581851	0.583262	0.583142	0.582748	0.582445	0.582702	0.58048	0.581783	0.582502	0.58188	0.581737	0.582834	0.581737	0.582342	0.581994	0.582302	0.581548	0.582091	0.581685	0.583062	0.581554	0.583079	0.581765	0.582177	0.582011	0.58092	0.581263	0.58216	0.582982	0.580223	0.581863	0.581183	0.582771	0.579697	0.58204	0.582611	0.581154	0.579857	0.583114	0.580126	0.580754	0.581188	0.580697	0.581457	0.580383	0.583399	0.5816	0.580943	0.582674	0.581223	0.580834	0.58032	0.584045	0.583851	0.582091	0.583691	0.581023	0.581446	0.5822
79.630583	79.670187	79.638897	79.768329	79.749179	79.874242	79.845179	79.795556	79.860976	79.870615	79.960825	79.949976	79.984091	79.919218	79.90396	79.98727	79.942012	79.89994	79.984786	79.855528	79.895671	79.838004	79.971615	79.928687	79.914671	79.860294	79.948048	79.970746	79.976083	79.968647	79.883421	79.839052	79.905123	79.991071	79.939599	79.920202	79.934798	79.891024	79.866639	79.896881	79.906075	79.879016	79.882004	80.004754	79.956655	79.913766	79.864484	79.885452	79.871563	79.907647	79.890099	79.867575	79.86971	79.869508	79.757067	79.797214	79.858893	79.878504	79.872909	79.883714	79.768484	79.81279	79.770341	79.833929	79.855786	79.767306	79.845813	79.770226	79.861095	79.828679
29.65	29.65	29.65	29.65	29.65	29.65	29.65	29.65	29.65	29.65	29.65	29.65	29.65	29.65	29.65	29.65	29.65	29.65	29.65	29.65	29.65	29.65	29.65	29.65	29.65	29.65	29.65	29.65	29.65	29.65	29.65	29.65	29.65	29.65	29.65	29.65	29.65	29.65	29.65	29.65	29.65	29.65	29.65	29.65	29.65	29.65	29.65	29.65	29.65	29.65	29.65	29.65	29.65	29.65	29.65	29.65	29.65	29.65	29.65	29.65	29.65	29.65	29.65	29.65	29.65	29.65	29.65	29.65	29.65	29.65
606337200	606339500	606341900	606344300	606346700	606349100	606351500	606353900	606356300	606358700	606372500	606374900	606377300	606379700	606382100	606384500	606386900	606389300	606391700	606394100	606407900	606410300	606412700	606415100	606417500	606419900	606422300	606424700	606427100	606429500	606443300	606445700	606448100	606450500	606452900	606455300	606457700	606460100	606462500	606464900	606478700	606481100	606483500	606485900	606488300	606490700	606493100	606495500	606497900	606500300	606514100	606516500	606518900	606521300	606523700	606526100	606528500	606530900	606533300	606535700	606549500	606551900	606554300	606556700	606559100	606561500	606563900	606566300	606568700	606571100
